22168215
22166609
22161961
22157305
22157304
22151233
22144502
22144501
22139832
22139763
22118267
22118266
22089720
22083552
22068288
22025432
22021495
22021494
22017371
22005130
22001307
21998045
21949169
21948205
21920876
21914840
21911632
21893614
21870192
21857810
21856650
21844550
21830925
21824958
21824957
21824956
21820732
21814497
21814496
21806798
21801459
21798046
21786286
21785076
21714917
21708036
21705406
21697257
21665896
21652776
21645335
21642681
21638301
21636633
21633092
21627787
21609977
21592451
21586673
21586470
21586463
21546366
21531226
21521505
21510850
21502390
21499823
21495059
21472763
21442261
21435708
21432889
21402681
21401947
21393564
21390995
21361890
21357912
21357802
21330566
21327529
21327528
21311583
21295339
21295187
21286837
21282698
21267669
21266686
21257876
21257875
21233156
21212064
21204125
21194890
21194888
21175555
21170904
21170903
21159772
21156740
21149744
21149743
21148121
21127321
21116868
21109396
21108048
21076933
21075596
21053091
21051648
21044294
20978046
20976697
20975013
20954220
20881158
20881157
20881154
20881153
20940384
20934211
20921545
20877714
20862668
20858819
20855801
20849590
20849549
20841533
20833740
20809538
20809485
20803558
20800271
20799249
20796297
20723264
20712876
20699454
20683886
20680986
20668655
20651195
20651076
20645018
20641144
20639572
20639562
20639268
20634392
20625548
20625025
20603894
20582485
20565822
20562627
20560934
20552570
20551581
20551304
20538199
20533411
20532656
20509879
20496347
20496208
20493461
20488523
20460624
20459614
20447927
20442390
20431791
20421562
20421262
20410386
20407841
20407039
20404381
20393104
20388893
20360221
20356857
20356856
20353578
20352364
20335439
20309740
20233801
20222936
20207689
20197530
20191614
20161343
20161201
20150250
20142569
20142239
20128018
20124234
20102984
20101670
20092624
20087877
20086117
20079607
20065196
20064254
20061365
20056381
20046933
20042106
20015907
20010216
19959794
19958897
19948642
19924701
19922618
19920238
19912174
19910523
19903336
19894216
19889451
19880283
19858532
19843667
19841458
19822693
19801048
19786677
19786156
19781085
19778969
19767336
19764953
19763699
19726782
19716965
19716680
19711136
19703877
19703867
19699373
19692710
19692327
19692208
19691022
19667051
19654172
19636032
19636031
19636026
19635278
19620438
19605886
19604370
19591118
19589912
19588455
19581646
19581642
19581345
19575268
19567507
19567505
19562044
19542392
19525484
19509424
19508240
19506085
19505999
19499551
19499550
19486718
19465234
19457792
19452567
19451585
19451313
19447581
19447007
19402895
19401314
19399160
19399156
19398297
19398295
19391229
19383892
19375547
19364994
19364636
19358708
19357241
19332234
19332230
19327146
19278830
19247718
19237720
19230608
19230607
19210729
19208372
19208369
19182214
19155458
19154609
19152699
19132141
19129155
19127977
19127974
19098203
19095167
19075211
19075208
19072748
19067379
19061210
19047029
19047026
20539836
19028207
19021600
19014457
19013759
19001615
18985706
18845594
18843031
18838718
18824501
18816508
18812583
18812557
18809815
18803880
18796681
18796668
18796553
18778913
18753686
18753684
18752256
18724951
18718923
18714084
18708410
18708385
18703655
18693299
18687288
18687286
18680124
18678846
18678842
18673544
18670828
18664302
18647908
18641420
18641247
18619792
18618192
18613272
18613225
18613217
18595933
18592324
18591542
18591525
18562725
18556633
18551515
18543044
18541613
18539430
18538264
18506546
18440355
18497417
18491194
18486446
18483231
18483053
18480041
18471660
18458282
18458281
18458277
18452045
18443883
18426855
18421511
18421509
18417521
18416600
18413555
18403629
18403498
18394544
18381474
18381469
18375457
18372447
18371124
18369209
18366682
18364487
18349092
18347878
18340044
18338215
18335280
18334525
18325968
18325967
18316747
19802353
18304996
18304288
18300333
18297164
18291032
18285592
18265437
18241080
18230781
18218106
18199700
18095040
18167634
18166731
18165672
20209021
18161547
18157581
18096527
18096069
18087057
18087056
18083460
18064524
18056687
18000108
18022035
17991942
17979150
17976429
17968872
17968858
17960778
17951354
17943997
17940319
17938064
17938052
17916456
17932360
17925302
17910010
17909209
17904463
17904458
17900317
17884591
17873264
17848679
17846441
17826171
17825024
17768699
17763377
17762057
17762000
17722203
17698825
17689806
17689805
17688513
17688512
17678533
17668269
17663796
17653808
17641318
17641142
17639219
17635892
17626224
17624866
17620534
17611957
17602927
17594131
17579145
17576979
17564489
17564488
17560449
17545184
17539044
17519412
17515344
17504779
17502640
17483491
17456823
17447940
17425637
17420424
17419965
17416264
17407386
17405973
17403908
17398230
17398221
17392245
17372804
17372244
17357992
17357988
17356969
17356964
17353496
17340598
17339617
17327525
17312292
17312071
17303841
17296881
17292767
17292021
17288593
17260924
17259188
17259186
17256804
17242317
17242312
17219757
17212380
17211837
17189035
17179324
17179058
17145249
17141708
17139702
17119042
17116920
17101938
17101937
17099201
17096829
17094349
17094341
17085745
17072821
17054089
17052356
17015868
17015866
16980117
16960216
16953658
16948838
16946327
16945618
16945604
16928974
16927452
16918927
16918926
16918744
16917641
16916838
16916837
16908890
16882673
16878233
16872535
16869960
16861527
16849365
16840762
16840441
16837765
16836627
16834458
16828672
16808772
16794153
16792798
16775188
16772616
16760225
16754927
16754923
16719547
16715351
16713517
16710543
16698768
16686819
16685704
16651049
16637950
16637948
16614124
16567608
16565097
16547835
16534085
16492905
16490463
16489189
16477254
16476748
16470073
16469759
16461974
16461972
16449619
16435337
16432097
16432095
16431190
16423097
16416403
16415474
16403932
16403929
16399880
16386925
16374904
16371575
16345129
16345124
16345056
16345033
16345029
16304077
16287217
16287201
16271538
16264161
16220514
16220470
16217836
16204712
16204165
16195636
16195268
16194635
16189811
16177435
16172229
16170017
16168781
16168350
16161803
16161800
16158406
16158401
16135935
16134167
16134143
16125594
16120903
16103513
16086475
16085191
16079162
16078387
16061916
16061892
16052017
16050875
16050856
16025548
16018921
16011710
16007574
16005334
16002881
15998755
15987986
15983282
15977301
15977289
15968029
15968012
15956000
15947009
15943861
15941804
15935104
15933365
15921512
15900606
15897534
15894664
15886379
15879401
15862726
15858079
15845930
15845331
15845330
15838075
15836542
15831578
15824554
15808129
15807148
15800301
15800299
15798158
15796772
15795340
15788806
15772108
15772099
15767635
15767623
15767622
15767267
15765500
15738454
15738374
15737105
15737102
15734966
15734951
15728170
15718118
15713774
15671405
15668494
15657155
15654407
15649665
15640921
15635678
15615943
15610328
15601463
15598770
15596639
15588327
15587432
15583373
15583229
15583225
15570569
15567627
15567626
15558709
15543634
15543548
15542867
15541320
15534897
15534891
15534346
15534345
15534164
15520423
15516621
15505886
15505312
15504635
15501200
15478854
15477624
15475420
15468751
15467063
15466771
15466767
15461821
15451760
15380505
15364673
15358997
15358397
15356934
15353535
15339287
15302630
15287083
15283869
15276591
15271838
15262105
15258077
15236429
15236428
15236427
15232400
15232398
15217851
15211602
15196620
15196616
15187057
15184252
15184243
15180684
15180681
15180668
15180664
15180658
15172903
15159301
15155696
15155020
15148072
15128992
15128978
15116348
15110493
15109345
15094276
15090105
15090101
15073027
15070581
15068979
15068258
15066933
15066928
15063814
15063811
15057880
15051693
15032786
15027511
15019013
14997240
14996781
14981678
14970151
14969472
14769617
14757617
14755388
14752174
14751700
14751693
14744827
14739311
14716724
14709578
14707219
14695644
14695637
14684509
14683661
14662631
14657070
14652865
14652286
14652278
14644898
14627591
14620934
14615337
14615004
14615003
14602855
14601762
14601014
14600175
14595137
14593188
14578149
14570298
14570295
14568626
14559741
14557109
14550696
14532308
14532307
14532305
14521643
14519861
14512475
14504124
13679330
12973785
12965983
12965940
12963574
12939781
12933617
12933607
12933593
12933537
12933515
12933514
12928082
12926580
12925524
12925502
12912722
12899585
12893694
12893394
12885684
12885682
12877755
12875807
12873643
12872306
12872305
12872299
12869481
12869407
12859161
12834318
12829573
12820281
12818853
12809450
12809321
12809320
12802821
12798450
12796074
12779304
12777356
12767959
12767752
12762453
12759314
12755550
12751420
12748199
12746365
12733838
12729427
12725878
12714554
12711467
12705622
12697801
12695273
12693900
12693899
12693878
12689345
12681472
12687652
12672328
12652562
12648256
12642052
12637139
12633192
12633191
12623916
12622601
12615754
12588274
12587102
12585828
12583453
12582019
12578517
12566324
12558384
12558362
12547544
12547446
12538548
12534771
12517476
12513046
12511433
12505121
12503983
12495149
12483772
12480441
12472326
12458993
12456230
12451077
12438043
12438022
12433766
12433717
12414239
12410014
12390081
12383668
12377089
12365959
12361816
12353947
12232959
12230421
12230004
12230001
12228883
12215132
12213139
12205697
12196088
12186603
12186520
12186513
12153937
12153394
12153390
12153370
12143868
12133160
12132012
12126814
12123408
12118972
12113868
12111918
12111911
12111893
12111879
12111876
12111875
12095368
12090985
12076917
12073753
12058777
12057547
12047727
12020524
12015243
12010856
11997553
11997537
11988060
11966336
11964425
11964422
11959058
11958495
11955459
11937207
11934776
11914301
11914193
11903761
11897304
11893368
11893348
11884979
11884492
11870821
11870820
11870811
11851578
11850493
11848729
11841530
11833666
11809640
11809259
11794254
11782062
11781121
11776252
11767953
11764243
11764239
11760109
11760105
11760100
11755616
11755607
11755501
11750194
11750191
11746317
11728540
11711421
11606151
11693975
11667937
11684235
11679039
11594900
11594899
11589939
11583014
11576806
11575492
11575490
11572740
11570936
11568945
11568944
11568326
11566457
11560453
11559266
11531050
11526248
11520837
11509427
11495622
11477961
11477240
11475387
11470394
11463691
11453710
11453709
11434868
11427955
11427953
11427139
11386931
11371256
11390552
11386625
11377662
11375233
11373208
11346325
11346315
11343666
11343664
11343474
11343473
11343372
11337207
11323324
11318928
11318198
11315060
11315019
11312195
11297226
11281745
11276040
11268225
11255532
11255530
11253984
11231707
11252592
11252116
11252111
11252014
11252012
11251764
11209176
11223907
11219766
11210997
11192650
11176914
11176843
11152864
11147988
11130391
11129488
11129471
11129470
11129469
11129468
11119401
11088080
11085838
11084706
11075787
11074902
11063959
11059479
11059476
11053197
11045795
11030292
11029677
11025834
11020391
11018356
11014723
11012424
11009160
11006761
10985227
10985206
10979882
10979065
10972376
10968445
10963208
10942869
10941947
10929855
10924589
10888972
10877289
10877288
10872017
10868695
10861778
10844728
10844726
10831690
10815697
10803724
10791525
10744092
10718899
10718466
10700737
10698488
10694732
10694728
10693905
10668830
10665699
10665698
10665697
10665704
10653450
10653453
10649298
10642232
10632832
10632284
10628455
10611613
10591726
10587119
10588169
10580787
10580778
10577639
10569302
10566552
10551502
10548324
10544309
10544306
10544302
10531099
10529029
10529025
10527293
10527001
10523219
10520648
10513709
10513757
10509490
10505019
10505009
10501649
10498393
10496823
10493205
10492314
10491236
10489949
10478258
10472951
10470903
10470873
10465172
10460045
10454427
10448769
10442663
10439827
10429710
10419447
10405859
10405854
10396468
10396230
10378623
10376576
10376574
10372587
10363338
10360335
10357701
10357700
10357690
10231083
10230838
10225255
10225240
10219924
10218527
10203622
10195674
10093978
10091911
10089107
10086818
10086706
10082712
10070686
10068410
10052441
10028134
10024204
9888282
9883787
9875880
9875876
9871953
9871952
9871951
9868844
9867760
9867751
9867749
9867748
9863858
9863855
9863854
9850136
9843102
9809732
9802179
9802273
9800738
9794314
9794310
9778201
9776272
9762874
9758575
9758573
9753016
9739977
9739975
9740569
9738608
9735062
9730034
9729004
9727821
9707147
9717923
9712594
9708522
9703538
9701096
9694449
9690367
9686708
9685274
9684847
9677208
9674713
9669792
9660362
9641495
9629639
9629638
9625662
9565393
9616416
9613883
9609170
9604041
9593416
9580733
9576418
9576412
9576410
9554679
9549006
9546569
9544685
9544511
9529303
9529287
9528747
9495687
9471934
9382404
9456206
9456205
9456204
9456203
9456202
9447396
9441580
9436896
9385303
9396651
9393377
9388399
9388391
9388086
9374365
9367062
9366727
9366622
9364656
9363972
9363535
9363520
9363037
9351165
9358330
9346456
9329517
9343803
9326476
9337511
9330426
9330425
9333269
9332756
9316557
9314870
9314867
9313000
9308512
9302952
9294391
9290227
9290225
9280263
9275921
9329312
9265434
9291882
9240538
9240534
9236556
9242803
9249923
9230782
9230033
9224227
9224225
9207339
9225780
9214258
9207515
9232760
9217792
9269243
9269213
9194271
9182479
9178789
9183234
9192452
9160493
9145717
9140274
9140270
9140269
9140267
9217639
9177105
9129402
9114128
9114117
9114082
9130972
9109469
9103345
9103127
9125008
9217633
9217616
9179102
9179095
9166071
9092326
9091668
9080917
9093096
9062310
10868141
9072927
9063339
9166045
9147604
9147602
9147591
9068582
9057553
9046893
9036806
9020274
9027279
9025745
9024379
9024374
9012602
9012724
9005276
9277012
9277009
9141746
9116101
9062781
9048686
8998158
8994158
8994157
8994156
8994155
8976911
8973470
8970535
8970493
8939225
8944739
8928987
8928984
9120652
8929006
8917178
8899386
8910961
8910960
8861989
8874459
8862102
8843829
8912304
8912303
8912298
8912292
8873504
8826991
8983584
8877064
8873484
8805757
8774575
8712199
8694660
8760727
8709766
8872784
8757354
8855483
8684155
8841648
8800074
8678367
8676722
8656505
8691223
8657905
8651843
8651222
8639009
8633455
8783436
8638993
8644781
8965149
8644759
8610949
8774206
8609689
8609687
8609683
8609682
8778540
8778536
8778534
8622399
8622334
8597767
8597766
8597765
8597764
8668872
8634960
8597323
8594256
8934599
8772661
8602715
8602714
8594246
8596266
8643889
8630836
8572844
8569020
8833015
8629648
8629647
8596840
8553962
8604174
8526699
9060216
9002333
8717595
8717594
7503472
8770716
7503092
7503088
7503086
7486465
7484556
7480720
7474250
7496284
7475709
8583267
7575069
7575063
7572949
7561986
7677558
7658872
7654105
7658206
7625627
7481214
7658777
7637146
7618984
7618980
7625420
7618598
7618585
7614445
7598300
7472704
7785633
7782798
7646731
7472689
7783545
7755230
7769901
7741367
7539579
7493663
7733125
7728693
7616335
7644859
7726189
7707595
7898228
7892479
7872588
7702044
7885127
7856993
7898204
7897462
7884508
7872338
7863872
7862982
7853629
7613637
7539300
7861879
7859200
7837387
7869065
7840100
7707012
7811131
7817972
7632202
7827550
7799723
8846490
7997533
7985896
7898298
7853038
7799090
7527116
7804061
7804060
7992733
7978702
7730843
7979854
7944066
7979837
7968029
7933428
7976918
7965162
7934540
7942777
7846399
8000840
7808212
7808211
7950587
8078164
7997707
8078145
8074595
8042819
7802777
8055409
7920120
8081135
7522074
8044101
7518734
8018002
8038641
8044068
8208943
8014671
7931750
8019315
8191980
8077999
8051531
7722575
8185423
8185420
8054067
8046526
7512681
8135452
8147681
8147675
8139057
8189175
8166132
8151396
8116993
8028470
8028468
8129502
7907675
8023036
8023031
8309035
8086598
7509494
7509593
8136668
7905991
8297197
8283589
7957786
8295297
8277551
7903777
8205638
8062397
8249715
8120683
8230621
7694555
8221416
8411573
8238063
7646591
8251823
8411555
8105114
8215740
8267778
8241891
8105214
8271091
8271083
8246708
8246704
8246698
8379805
8379804
8219952
8410418
8355078
8220955
8400983
8400982
7688054
8336375
8333376
8210827
8343748
8101259
7688253
8100916
8343659
8412556
8410397
8505818
8505808
8099644
8509855
8506883
8487414
8481077
8501469
8498397
8475286
8481067
8483397
8447713
8437311
8437306
8437303
8433467
8472111
8455106
8455053
8420448
8420446
8427544
8461680
8421365
8441078
8439905
8437039
7632176
8446813
8418345
8418344
8505864
8433118
8416567
8416154
8416152
8313495
8287163
7682515
1361596
1453529
1466366
1359259
1404823
1483223
1450833
1442859
1474411
1403137
1512909
1439361
1285770
1524082
1521208
1432020
1330025
1616218
1353142
1605428
1609697
1608117
1513214
1513208
1506944
1586125
1351130
1607902
1607897
1605141
1349993
1595772
1595770
1595764
1595763
1573753
1571864
1489375
1303131
1595681
1558087
1546597
1428495
1392707
1347347
1736775
1576226
1576224
1562945
1562944
1346886
1735927
1346411
1739358
1739350
1579759
1536136
1345870
1738006
1730995
1727094
1554809
1548546
1336693
1300205
1836023
1805316
1800422
1836152
1747591
1953231
1951415
1951292
1765869
1920718
1920696
1913429
1929680
1883122
1681158
1654193
1715503
1888246
1863025
1744766
1720678
1865537
1869965
2061981
2056648
2052726
2029096
2033776
1674306
1674297
2014950
1710520
2066825
2029013
2012352
1901611
1898478
1712384
2009476
1865777
2005729
1865785
1865780
1672391
2012864
1671891
2066237
2066224
2049515
2028127
2028119
1992893
1671469
1987587
1670689
2066749
2037855
2005479
2005474
1999689
1986595
1983932
1941027
1890442
1789861
1979375
2243431
2240920
1978126
2232014
2214103
2147397
2266432
2241447
2120933
2222088
2222082
2119115
1976428
2400896
2393322
2231060
2231053
2231052
2231051
2231042
2200321
2117365
2169322
2242146
2374046
2374041
2192546
2164363
2115577
2115576
2112864
2372641
2342219
1971673
1971374
2370497
2189311
2188544
2110269
2158760
2341929
2341918
2187961
2183290
1691429
2313838
2327421
2190055
2183730
2180356
2178537
2178536
2313409
2306060
2178583
2178408
2107287
1968125
1967757
2404316
1967704
1967420
2325525
2289293
2213074
2208563
2574804
2585678
2810674
2589400
2516013
2573784
2572906
2683916
2509742
2795828
2818109
2692111
2683766
2585165
2585164
2585163
2585157
2585155
2814071
2802893
2801730
2682910
2571019
2528311
2807680
2795261
2790127
2790126
2774783
2774779
2774777
2764005
2671299
2637684
2607303
2507064
2667418
2569570
2764657
2664862
2475078
2760697
2668677
2566849
2523979
2788628
2655002
2566735
2716130
2566058
2502223
2785587
2727479
2705357
2650496
2499390
2664405
2648471
2495781
2564495
2537441
2564112
2915457
2919932
2919607
2651606
2492671
2468519
2563789
2644461
2914259
2643916
2642983
2916887
2643379
2642562
2493829
2462660
2909090
2766450
2732776
3184418
2904007
2904005
3263774
3203723
2973749
3056158
2847611
3144334
3189376
3068340
3056313
3051958
3143462
2460174
3420286
3177393
3140929
3142553
3203132
3171727
3049969
3049967
3046543
2900364
2900353
3294455
3401824
2899798
3041938
3137999
3290529
3379743
3379740
2968468
2455071
3383038
3294553
3287867
3043622
2453768
3367487
3377621
3287913
3132283
3367454
3134984
2896946
3258642
3291042
3282465
3282408
2836570
2895270
2451969
3362040
3362039
3355305
3129632
3041808
3129069
3357077
3341671
2450619
3339821
2893084
3280067
3277509
3124681
3367180
3339483
3337509
3335868
3334771
3294349
3276266
3257301
2890980
3500622
3326844
3694295
3659357
3659353
2889111
3656609
3656604
3656601
3683111
3674060
3662712
3662702
3631792
3423503
3116960
2442427
3306003
3305999
3663822
3655966
3615874
2887761
3618645
3607662
3300458
2443098
3613915
3592429
3296706
2884494
3111616
3111587
3592875
3555202
3114858
3573245
3573243
3585570
3585569
3550165
2882224
2882211
3827464
3826045
3574026
3574020
3574019
3565429
3553828
3548529
3103564
2881115
2881085
3826102
3813238
3589244
2950834
2881037
2880165
3541726
2880504
2880051
3540328
2879187
2879090
3783901
3806268
3800514
3538968
3501341
3100902
2431640
3535604
3533243
3778040
3767151
3540235
3532767
3094803
3463387
3747088
3018308
3773651
3767535
3766594
3766588
3752762
3530079
3092971
3772624
3772615
3753109
3737907
3092903
2874456
3089086
3526882
2425884
2873381
3089405
3772600
3772598
3772594
3736376
3706939
3706283
3962968
3706374
3706368
3516043
3095516
3085491
3008905
3954279
3754612
3515933
3513492
3485342
2870225
3946988
3715256
3511822
3511634
3511502
3944979
3947184
3012021
3081080
2867356
2867337
3951337
3534168
3510040
3079637
3935244
3935237
4086970
4086149
4073107
3936790
3913467
3877421
3830260
3000177
3933713
2865514
3933613
4062463
3876755
4032676
4089354
4025302
3929661
3916076
2994586
3929951
3929937
4032651
4023244
2412629
4016638
3926182
3926181
4011905
2411239
3999368
4059723
4014305
4003986
3890659
3890655
4014291
4014288
3999341
3999339
3925778
3893118
2987558
2861333
4014259
4014182
3916094
3890007
2860325
4014166
3993657
3986728
3888133
3884119
3883708
3872018
3919839
2858618
4005389
3918644
2857373
4014114
3917741
2857023
2981369
3992074
3916110
3881019
3842424
3841684
3831639
6150377
6436522
6437555
6150194
6150140
6481928
6149341
6593112
6435848
6435748
6473785
6236691
6206365
6742646
6741986
6233631
6587129
6202996
6731428
6371889
6326184
6202991
6144838
6372476
6709900
6370167
6201687
6143913
6143228
6143214
6712368
6608228
6142351
6700057
6583338
6367457
6365298
6692208
6427429
6692189
6418325
6418307
6140351
6140342
6727586
6727585
6691776
6472063
6374353
6331905
6140553
6632145
6355522
6671182
6671181
6638733
6638726
6638001
6622702
6622680
6416386
6138504
6352966
6616389
6616388
6625783
6625773
6625772
6616380
6356887
6354122
6225146
6412861
6136694
6876356
6881167
6603502
6603132
6407744
6134884
6859087
6304810
6407640
6850468
6190057
6343644
6304263
6839241
6300963
6600798
6340491
6340443
6403172
6827741
6871349
6830385
6830080
6402198
6130333
6848858
6824248
6848829
6633187
6601534
6350790
6350789
6754052
6814630
6128504
7131702
7131678
7139505
7139488
6126670
6125813
6811036
6749272
7109136
7124763
7114641
7097897
7049102
6807484
6805833
6123793
7091170
7091169
6805728
7095969
6807231
6213281
7082116
7073153
7044330
7073409
7065566
6978024
6121093
6800467
6120314
7058778
7033576
7182702
7169935
7169930
7053711
6980732
6976710
6976684
6820461
6796703
6118678
6118670
7299988
7338703
7315827
7305144
7032439
6118541
7197307
7030245
6457316
7283294
7265448
6116086
7265432
7271104
6456475
6115227
7253159
7258893
6165874
6788189
6112577
7237026
6786433
6786533
7225718
6452080
6110874
7463640
7471014
6110821
6110817
7239758
6162068
6780069
6109965
7459550
6781340
6109866
7447204
7052406
7052404
6820460
6188939
7444057
6779521
6107728
7212488
6778139
6999188
7427501
6105529
7392167
6105428
7396604
7387297
7386505
7400733
7387017
6103374
6103373
6768279
7388429
6103226
7377181
7370371
7362350
7370827
6101691
7356218
7352230
6986127
7350353
6101401
7350606
91891
493539
90969
39183
495632
484965
497744
315254
89207
472235
486954
464462
461800
448914
448913
87892
453192
453191
443971
445054
445304
87636
87635
434687
86046
424610
86312
85932
85057
430172
104680
369671
702683
709036
709269
709234
81360
80686
709448
361151
698752
698719
671716
101568
671688
666189
78097
647338
646248
76882
632937
416685
632901
632899
626455
414574
623091
931215
928701
71541
903482
409225
200192
71445
334331
195103
70990
879617
409138
861897
140252
189099
844016
64652
63852
989523
788665
992932
963171
181784
73852
782616
59148
58257
1262961
180802
1274991
1083143
55612
54633
946002
1242747
1194957
1190252
1188111
1106284
53505
53498
1200520
1178864
810548
240480
1153740
1153745
1173833
49652
49650
1138550
1097030
49475
1052663
1091188
1125587
235149
1115974
48615
1111882
803404
1111723
1167339
1109723
1243571
1235758
4442015
4442014
4434149
4425900
4411997
4408330
4854068
4407922
4135032
4833933
4134182
4406509
4208083
4827071
4406187
4856264
4816860
20312454
4549494
4127347
4127308
4126634
4743350
4198938
4719715
4718840
4126108
4122131
4699593
4121646
4739512
4118498
4118640
4118584
4120149
4678101
5071698
5071695
5068266
5052908
5046509
5067674
4553818
4111190
5058163
4550300
4544828
4143585
5150073
5106573
5550376
5107573
4100019
5543559
4099901
4099256
5317446
5004396
4941660
5536581
5492501
4099783
4098459
4195768
5451591
5465688
4317183
4193360
4912720
5411449
4991606
4188450
5823048
5820382
5797777
5819235
4887463
4179504
5306632
5725734
4177637
4971103
4971102
5694781
5658901
5689250
4171162
5640642
5639628
5303414
4970483
4170028
4168611
6054917
6072215
6072631
6071700
20328938
4163930
4164084
4163892
6018051
6017170
5301734
4866447
5924948
5913077
5945986
5952302
5932703
5932702
12608167
4159490
5296400
5295563
14328470
20722183
14315651
14323663
14315230
14288104
14292885
14285304
14280517
14282156
14257418
14255214
14250105
14241901
14219504
5294177
14213592
14206019
14173649
14158679
14149208
14149207
14147750
14184153
14121290
14267743
14064997
14056018
14056013
13952925
20789692
13977185
13930177
20327341
13949108
13927773
14461761
13914329
13900354
14492099
13888357
14400438
14406820
13792199
13804322
14425431
13612207
13417589
14382602
13209193
13164312
13131828
12986609
14791576
15437891
15413622
15406889
18139621
18892285
18860399
18904069
20250005
