20204356
19688982
16253902
17970554
17444170
18084943
17072993
21644403
19734634
15981717
17712589
16253899
17145260
15929774
15990054
19686409
17631687
20802468
20409532
21372453
20412660
15967318
16277024
16015637
17053201
15523683
16564864
15767734
18310285
15754108
15824948
18045768
19917467
21299615
16850142
16416163
16525207
17466198
20814701
21453532
19950800
16861508
19944211
18040629
21693662
20205504
17372823
17649774
16265099
19411034
18499541
16431311
17311852
19186234
17062889
17520251
15754101
18326928
19618183
15694824
18948228
16473806
16035381
19380653
18223495
19280108
18019731
21493016
20818123
20189509
18855999
15999356
19319784
21237415
19890196
21387263
20375381
18090244
19132777
20514321
21509864
16080309
20817146
21286942
16508629
21177330
21673464
21412024
16998248
19788624
21545902
21302641
17897335
20028887
17041797
19770300
19896100
21082773
20855179
17580355
17530280
21457814
17214275
16607151
15943401
17970550
21564290
20833500
16028445
16981114
19468791
16802226
20639078
16680238
21684481
17985092
21074764
16322953
16417563
20967877
19366072
17356244
19734638
17579128
19082215
16100488
18604948
20713936
15737835
19214677
17575376
19337751
15654794
19065725
20551662
20971690
18453301
18662399
20432768
18670847
16923491
19214898
19080351
20200586
19296156
21311954
20668861
16377338
17921109
17278034
18223495
19160363
15763698
19581752
15800697
18456326
21418308
21835305
18043827
16382049
18560971
16479428
16250366
17588191
17957607
16334799
19189688
18090251
20883873
18192868
16702740
18251176
21546698
16794369
15869456
17054548
15902884
20861777
16433125
17127707
21843785
16865580
17072985
15888770
18453740
21943457
18092639
18157720
20708856
16253903
20350800
19523619
17968967
18182747
18043548
19268906
19468232
15783039
20574773
20549387
