8637992
9817043
12682210
11030206
9171134
9250908
9129413
10554337
12799897
11950802
11900679
10228803
9293784
11490840
12692824
11038214
10849979
11818934
11208479
9087831
9200086
11180869
8898440
8813471
15239239
15587339
10864357
9283736
10845499
11042637
10917183
11408799
15549440
15534919
14680347
8797959
8819400
11204812
12532934
10975708
10319232
8661549
15069626
15482993
15555006
9692562
12519232
9101265
11702259
9132812
12048629
10560242
9353439
12637807
12783355
14502804
9818279
14964538
11020906
11314942
10228852
14520296
15330902
8976945
12202711
16619695
12768395
11956904
10670073
11914153
15000938
10671598
10971107
12519234
9840531
11490845
12520571
10910544
10812894
12517564
11605115
11232901
9840660
9679533
8693427
10690621
9504884
11182560
