17925529
3276947
9299983
2346707
769625
15961549
21776805
19574417
20664028
14137500
975511
20644486
21300740
20227213
17715094
18719197
17715096
10585337
11700155
2242590
18827042
11895830
18042932
14104154
12511664
14500590
9265902
8855139
11699847
21600645
12643553
16099683
10323817
21897484
14052978
9419705
9419704
5481565
7794359
18223134
15069106
4553740
9412693
17185660
2914370
16716553
19141778
14043752
2702744
19144484
8565239
2568196
12441325
10657385
2568193
844157
11673371
14069613
16455871
3390909
2297913
14718393
9891166
6744588
8174239
17659235
8653915
18070816
12809411
18671847
3311464
12958120
17660273
19959625
8665681
11191259
768734
16757702
6297300
3829391
14087246
15502094
7028302
2055739
9299984
17964453
11749919
10359548
15539673
9299974
12816898
9299970
1914198
8653924
12446468
12446465
3538969
2462507
11724038
18566166
19124109
19884488
7193662
7363468
178196
9023142
8855165
10478695
6577221
16484332
20599157
10222377
2507197
2056651
15494601
8282505
16574757
8990235
9625173
14184817
7674332
14120080
6767876
3042189
9230892
9871950
18687739
9099121
18077528
3162284
2387036
318937
19299097
22223253
7813072
15713968
8055402
10749911
9750846
2104704
18077530
19230612
8562223
3390915
20576385
3416431
9799750
4904709
2298548
3168229
18078902
7127818
20007858
18957683
8411259
3292081
6831726
2859933
20110452
14082741
20926316
10973893
21784670
8653919
8653917
16574764
18310148
5037920
832388
3054000
2937292
16193777
17895471
8375058
19047024
21303995
12709369
20185623
19435763
3319669
11159766
8330408
14065877
476929
15142978
15681560
14042604
20409660
16574761
1993327
21131152
10709353
10926888
14081787
10926881
591250
14258342
19770294
9694762
17517922
19268515
3957607
912884
19931351
22260933
18566177
7628113
22144408
6793264
17889342
1000799
15344194
1761109
719867
18314477
7577211
2357820
21680205
8676195
8045026
7044509
17997067
10053042
2242577
21507911
6342034
11106318
10430794
4973343
9166255
15721588
6956758
21158294
3802469
18007159
8376063
14981023
1749016
18364507
9709267
2499433
14102243
14071825
12511463
788588
4574189
8606383
1089492
7074824
9310574
19299540
14228275
18593971
12816918
627059
22034635
5917660
9539244
22250146
12814730
14185803
20299679
8565213
3276267
17848671
14181151
11861435
16306091
10535437
16896306
17236735
16990420
19289434
8045019
3081279
17053156
14578309
7398043
1643709
21336670
17384005
14118684
9474053
2354936
19002061
11897
10471680
9839511
20160168
9839519
19850631
14204555
14204559
17890436
11508750
15172373
8169088
4869134
16793928
8070086
7490184
12709370
19372476
22104289
2568195
3126627
1860764
4639873
1899064
17954629
18199608
1993334
8769542
12513043
21865483
2673577
2673579
14286811
9891180
415148
14626307
8990216
355653
14680904
9747869
14697004
11526249
12529025
18765697
12507953
2643419
68118
14633908
22248564
14500613
9794854
8131278
16421400
19700653
18538971
1761111
1761112
8478960
21109582
4053352
2253342
16339303
19477615
8087999
7628110
10053032
16858075
15265970
1662893
1643738
3168204
1399431
19285818
3802511
2551167
6640911
17463177
10511591
3351959
16627197
16960213
2283257
11468225
15467033
7497635
21859031
20692619
12759326
9554491
16253853
322205
8333382
14288081
18649483
14045348
7674315
322208
9251552
14709635
20386054
17904321
18404940
1960750
9064371
10203290
14158556
8565223
1468873
4305455
6258822
16964873
10433626
22221821
16281427
17765423
9299968
4100719
12618493
9299967
17158194
14290440
11529700
2656000
21292416
12928220
7055973
4947304
11238288
8444573
19249168
14284859
3551603
12862284
1461198
15802723
18975695
18975696
11751537
7226514
12591991
16449218
10471675
16974018
12818829
10471678
19910505
8573461
17590554
7471392
17395713
18617581
3690841
2509745
1914188
19375360
10508121
12446473
18400443
3884183
10430821
7563181
3168251
19272727
2414039
12407003
2345095
17185659
2084003
11717331
16211779
6171361
17704322
3060366
8330409
16539088
19147731
11704359
2731344
18539647
22269612
22266381
21737470
9891171
19261418
7718048
18024533
17431128
22271125
22251180
21383043
2049846
18455343
21969353
8486501
11719473