11967501
11959681
11893585
11847192
11840475
11786086
11746943
11728822
11682643
11551881
11451153
11425438
11370014
11350093
11274226
11230308
11236005
12000044
11130783
11120759
11078370
11040228
11015607
11004213
10994756
10924066
10886570
10720598
10679502
10652192
10642310
10508227
10455263
10411370
10405318
10386583
10334802
10233035
10202858
10076920
9931155
9918604
11783243
10493775
10671640
10567181
10564134
9852874
9746122
9719054
9626636
9582107
9504380
11477813
9444886
9366573
9401040
9369289
9360720
9344473
9323082
9303031
9259423
9219094
9060882
8823313
8803958
8803534
8743541
8743527
8755633
8645592
8638728
8960252
8750937
8690857
8539265
7587931
7646078
7613528
7779425
7768570
7745853
7731138
7721400
7853200
7858853
7531489
7524366
7930813
8082009
8063809
8063398
8022422
8181146
8155734
8141390
8137508
7508709
8103355
8356468
1335016
1442478
1396201
1735681
1839881
1911217
2147129
2391145
2142077
2163328
2349914
2575471
2689060
2721176
2523703
2565418
2537405
3146461
3258330
3124977
3498493
3490931
3767464
2868582
2935673
2987129
3873356
2859977
6097737
6240359
6714442
6709112
6362950
6617407
6132036
7152618
7140679
6126926
6811190
6811188
7100864
6122757
6951172
7284048
6113909
7248142
7011656
6103441
619131
344023
898241
19187
328206
50009
1136859
4135739
4589835
4581906
4729680
4557182
5316639
5531297
5311191
4918368
4182785
14164493
