21747360
21138940
20544833
21314797
21203950
21278620
20922525
21152880
21084406
21190955
20736988
21048398
19961364
20724490
20679181
20558826
20381264
20136844
20142565
20015613
19945062
19919978
20443909
20035507
19818343
19501473
19575532
19574962
19633569
19620510
19597038
19373235
19188760
19327620
19050853
19109942
19014350
18521605
19047580
19047581
19378836
19227819
19143085
18840621
18835925
18852012
19015604
18840240
18840237
18587420
18716375
18698221
18680473
18504326
18195727
18486925
18410999
18473772
18394600
18382216
18188157
18057217
17911356
18078446
18075795
18070451
18066099
18051738
17566078
17911642
17652372
17762851
17595943
17595942
17510509
17409314
17347482
17404230
17393029
17324262
17329906
17200434
16822937
17156885
14252272
14242524
14190873
20558826
20142565
21314797
20679181
20736988
15461866
20136844
19961364
19574962
16912052
21084406
17652372
16822937
16326922
18377545
17518631
17323596
17318787
17283869
17183730
17144178
17043664
16798829
17086095
17082731
17058831
17055381
16914615
16997802
16979018
16912053
16912052
16462814
16763189
16728354
16565556
16507616
16189718
17333581
16219648
16619445
16459407
16392774
16273052
16363036
16244377
16227400
16181550
16182189
16178100
16178098
16156511
16106581
15833808
16092504
16082345
15998711
16032786
15990879
15940697
15976430
15973367
15966118
15954895
15910806
15862127
15879118
15879369
15809720
15753978
15718453
15627487
16211761
15700369
15607619
15533852
15459182
15277329
15508788
15465035
15461866
15272237
15192023
15213263
15204091
15188362
15180496
15174896
14996408
14583681
14570802
12777947
12773167
12738711
12709581
12707384
12675282
12628650
12620076
12574091
12606817
12473561
12360107
12271964
12231564
12218669
12218668
12187099
12171793
12110003
12082016
12047041
11981074
