22213229
22117668
22112639
22105619
21913591
21871942
21848461
21813328
21733280
21639998
21566563
21439090
21346718
21313935
21272397
21254702
21233814
21151493
21138613
20974224
20936557
20922957
20869493
20831247
20624332
20566614
20492273
20195044
20136038
19936480
19916388
19893863
19753772
19743984
19710161
19412322
19194370
19184161
19016834
18775567
18656570
18624440
18564845
18476357
18466376
18417080
18414514
18329605
18237583
18181442
18052100
17977167
17890500
17868953
17844870
17701879
21672827
17532777
17532666
17455437
17454107
17454106
17392074
17324391
17313107
17206644
17077061
16948356
16943453
16848540
16824218
16790961
16442667
16438315
16376636
16376635
16356881
16260263
16093404
16019788
15913303
15911525
15888231
15675463
15521342
15471421
15281478
15220941
15201211
15164111
15066608
15055229
15035653
15000959
14702020
14690989
14661763
12835203
12678931
12628028
12623644
12450887
12419788
12362597
12160249
11933999
11876271
11811765
11714498
11246031
11048578
10798347
10719405
10683804
10488922
10376782
9673686
9664200
9577990
9509332
9468749
9436066
9430085
9402623
9232851
8988948
9003236
8644686
8622817
8623011
8941756
7580320
7729065
7726543
7897005
8181636
8305917
8304015
8294720
8285650
7691498
1342175
1486353
1523258
1500929
1734681
1757585
1939824
2019880
2064392
1889951
2008363
1828138
1746345
2268137
2344210
2307817
2516271
2522472
2489381
3068555
3279746
2828453
3249745
2905574
2823594
2884993
3491098
3519736
3963990
3949694
4064458
3968589
2859878
6493339
6718557
6323107
6625565
6371868
7148734
6890060
7323670
7391919
1034469
1145550
5050331
5908438
14127949
14080502
14879933
18897316
