1279533
1462921
1545074
1551722
1575307
1638705
1706838
1706840
1706841
1715551
1721193
1721201
1728931
1763917
1951123
1952491
2042687
2297279
2372924
2373816
2463587
2703616
2724998
3381756
3662277
3678254
6209681
7484734
7487260
7513878
7527231
7572586
7575068
7582993
7586314
7594078
7618539
7631616
7642873
7681561
7681563
7681565
7681567
7681568
7681575
7694241
7697850
7700828
7724394
7732715
7733703
7776670
7777424
7778545
7788918
7810488
7832098
7832134
7838782
7885934
7888255
7889798
7894553
7942480
7942526
7944810
7963117
7977038
7991419
7994828
8044958
8053245
8067826
8088468
8134587
8160583
8160709
8176092
8195508
8213548
8223748
8245336
8246536
8249839
8252708
8256701
8268349
8273759
8277070
8295602
8296753
8336663
8353870
8444109
8466344
8496531
8504500
8517386
8552520
8565170
8610607
8711943
8745998
8800117
8820829
8820833
8820836
8820849
8822992
8823833
8823837
8831398
8836741
8880032
8889875
8892772
8914872
8960472
8976930
9014991
9060893
9064205
9064943
9070572
9080858
9118518
9118544
9118545
9121977
9121984
9121985
9121991
9121993
9127402
9164884
9173702
9249833
9264163
9264422
9291444
9315584
9315960
9354222
9354413
9363811
9371853
9382019
9388103
9391285
9404252
9436560
9455759
9458428
9460456
9470875
9474647
9507542
9507547
9531698
9542881
9565714
9597238
9633062
9691699
9709875
9715859
9717045
9732904
9744442
9768732
9781970
9793085
9817491
9826861
9856922
9857871
9869974
9892766
9990632
9990633
10024069
10073833
10086963
10089834
10089837
10089844
10089851
10089857
10155232
10360211
10369848
10392390
10400012
10410293
10430766
10431681
10461287
10461295
10506392
10520794
10527011
10551707
10568661
10572781
10590497
10601507
10603767
10642134
10659653
10666426
10666749
10695456
10709706
10750134
10760339
10783212
10793433
10810803
10879375
10924302
10987597
10993020
11028466
11083241
11097134
11157689
11202242
11208684
11227718
11227973
11227975
11250956
11292270
11314807
11319196
11333050
11341083
11386511
11413727
11446960
11467457
11502705
11558840
11589840
11589841
11752918
11786153
11822504
11826832
11839888
11869841
11869843
11907286
11949736
11955850
11981703
11993579
11997415
12000047
12033350
12033350
12040343
12049372
12078787
12108497
12137338
12140809
12164444
12169230
12197599
12208228
12228775
12228776
12228778
12356633
12369212
12375806
12418738
12427419
12494613
12495391
12505581
12559527
12585952
12613144
12625608
12639076
12659987
12667566
12685138
12685142
12685615
12687801
12742300
12748217
12766741
12771115
12776866
12804331
12815308
12848816
12849664
12891163
12914630
12975406
14574032
14596664
14610386
14622654
14622676
14675012
14697723
14720148
14723671
14739755
14753636
14764176
14993132
14996477
15009863
15009867
15018876
15030418
15066946
15071272
15071276
15071278
15071279
15077071
15078395
15110224
15139319
15152059
15152060
15185463
15237689
15245344
15273456
15276094
15284942
15294263
15305961
15364330
15385696
15446455
15454175
15475819
15483767
15486380
15511244
15519026
15533107
15543921
16255753
16412877
16442402
16492298
16725036
16784428
16868269
16868269
16923425
16943890
16943899
16943967
17001224
17226087
17538699
18651506
19262366
19263205
19298563
19299201
19325900
19383957
19447808
19484520
19529803
19581496
19617418
19617719
19619699
19627288
19643315
19643357
19659621
19661116
19695966
19707100
19709493
19723701
19752408
19753522
19765233
19766519
19782919
19783791
19793359
19793373
19796289
19796352
19797255
19800818
19804546
19808340
19808441
19808459
19808478
19808497
19808591
19812050
19812399
19816874
19833318
19843157
19843914
19843923
19861383
19879533
19884110
19892058
19896732
19915182
19925609
19929037
19930108
19933693
19939743
19946113
19954500
19954503
19962483
19966176
20009044
20025698
20030843
20031808
20038409
20040100
20047925
20059719
20087760
20102431
20102898
20170816
20178869
20185000
20185038
20185039
20185109
20186244
20197509
20197542
20199887
20211275
20219197
20222352
20230459
20337635
20339977
20357388
20362726
20370851
20380893
20386008
20403488
20413029
20465488
20473185
20477907
20488310
20493965
20497676
20500739
20507853
20511537
20513063
20515854
20538172
20541819
20558847
20561848
20570753
20577792
20620231
20621894
20639206
20641117
20650333
20663070
20663783
20714135
20716717
20719779
20727095
20731739
20811610
20817721
20823389
20833266
20833692
20836602
20846992
20852059
20861134
20883977
20921437
20931822
20942819
20946285
20971231
20974768
21029827
21039640
21041579
21041691
21044897
21050975
21070886
21075757
21075773
21077915
21086086
21094356
21098452
21109043
21109213
21123220
21138937
21144407
21153928
21156772
21160914
21184559
21194047
21195483
21197424
21208240
21208242
21208947
21210096
21242478
21252192
21272181
21272746
21282316
21315501
21325209
21327491
21332561
21350054
21377260
21410721
21410723
21410723
21438895
21438896
21459274
21459446
21482417
21487093
21487343
21507601
21529736
21535031
21542704
21576653
21591571
21602574
21605131
21606398
21609974
21616945
21624895
21640321
21658562
21664735
21678454
21682151
21684513
21693369
21700757
21712284
21737019
21757127
21771823
21773744
21773789
21784742
21784745
21798471
21835379
21839896
21851882
21867832
21867833
21867834
21872148
21878667
21894795
21941203
21947985
21962425
21977289
21982313
22007037
