12285650
8784619
15732162
17575609
17301999
20853582
21400918
13372702
12778008
22034560
16565016
10070508
12460311
10512663
16559227
12090631
21674222
16754210
18707516
6008890
12859094
16274259
20408504
19062695
21507513
12583786
10844073
18157311
16379414
2934139
15134115
3580668
14898726
11515238
19891967
21743254
13543474
6660267
7977592
9186139
16282148
16282147
16282146
21421150
18564291
6878905
8494142
12834695
12719094
11307054
8090453
6216115
18944620
17148305
17069362
20566168
21905605
13605334
22125405
12441846
21274011
8758192
10315322
10679732
3093441
11380885
21145128
19882555
11170910
12441725
8944097
18729727
11913884
12888048
11344714
17280291
20302425
21803446
1426391
16013991
21550121
20566167
9339051
12435097
10492989
8039726
18621179
12204132
3954642
16996614
619685
11151131
19653715
15296338
1486809
14631274
21139676
9058611
9164090
12579192
17918460
15086041
20257726
7295126
1496523
17434588
2648932
16391637
3576443
12373158
17804469
20388346
12286127
11341451
21609624
21217412
18626445
17090798
20738652
15850244
18707389
8517591
17200586
15162295
18796421
8172265
20688084
14596083
15234132
2375701
12955446
19934426
5013965
1049451
15389271
21668498
9587827
12562238
18580097
17087344
8887394
7611317
9437329
9097314
11217922
20388890
16491875
2084863
15678760
18971233
16552465
9373504
1635976
16230277
18811444
18707271
16685641
3063106
4025061
16490578
19606159
10779846
7974401
21400060
6709536
20866719
22031316
7614220
17534840
16567278
20436544
9512148
12286126
11092147
7977593
16876531
8447649
11397316
12645192
17896515
16224687
7484002
11561789
599247
15782672
20535475
19466687
5252256
21263250
20802364
3220671
1589678
19107043
13771427
17964759
17762151
10863707
11918788
1147515
11955895
21889665
6664665
12132265
12916487
7976846
20836458
16438180
8145390
21806816
17986291
7967208
3582999
21913449
11254369
7264140
2816578
19396802
21833831
12410976
18714382
19463283
16499424
2184101
19492892
17530262
15575831
2964692
22089872
20388891
6736538
2580440
12174456
322623
15179305
11197133
10450391
13634649
18564981
14989502
7567949
8135635
5013958
7322479
8762273
14653778
16175483
17007730
7139624
16846915
10053087
17290840
7825510
21666315
2023740
11131410
17803829
19860781
19491989
22153633
11508875
21703388
17142099
18401291
20211446
19120598
9265706
10023478
1637129
13327602
16263368
19236581
19241291
12654386
20482387
8249915
2023762
9097773
8719682
11733265
1575122
20572376
11339580
17951897
2144534
15177623
8862061
11755864
1597865
8301676
9498195
21484632
12971552
2249911
18795314
11262653
8230846
7666626
14763463
21457930
20932981
17694829
6596971
13723438
21595530
16817567
14991146
9813998
6191610
10933771
696527
8025044
11392803
19878500
16334614
15508340
15921048
11594948
15824220
15130056
11486460
453308
8044336
9120867
10857823
22107935
21570045
2438445
20895221
12055459
2733064
1609401
14006524
11687045
15674902
21616208
11590274
10541150
12822431
7270354
19320311
8352299
8328342
18767494
21679403
15220740
