8755633
11728822
11015607
7721400
9259423
7930813
7731138
10508227
10405318
9852874
8645592
9344473
3258330
11840475
7858853
7531489
11040228
11274226
9303031
7768570
3498493
16979018
19919978
19327620
16507616
8103355
7587931
6714442
2689060
619131
10671640
14164493
4729680
1136859
19187
6122757
6132036
7011656
6709112
328206
7100864
2859977
344023
1396201
7152618
16219648
18057217
18521605
16182189
20679181
17058831
12171793
16032786
19961364
19188760
16363036
17762851
17595942
17595943
15976430
18840621
12218668
18070451
15718453
