39124
47091
61088
63082
164981
165654
173015
179806
185348
185675
191718
191789
197378
205476
214743
248006
275471
276430
278597
294590
320076
420910
449934
463944
481550
572208
639524
658614
658761
663935
666261
696201
711525
718141
720004
723637
732969
750156
786355
823862
831231
848806
850599
852261
895533
908147
942229
951659
1058937
1080359
1124672
1150054
1153922
1159097
1168471
1172751
1182461
1185388
1220606
1249632
1253804
1265650
1266795
1277955
1411264
1417173
1435298
1458771
1547187
1551495
1556134
1614463
1640869
1660268
1737920
1772121
1778219
1842718
1901194
1940416
1943747
1954247
1955512
2096155
2126907
2132540
2210020
2254993
2339710
2347917
2393546
2401706
2497630
2617656
2682771
2695610
2718899
2719106
2963524
2995038
2999223
3000905
3002200
3023747
3042028
3089199
3132139
3550781
3555944
3680498
3707032
3720494
3728589
3775221
3928477
3932495
3960612
3988246
3996065
4022667
4026963
4053507
4100082
4146849
4154722
4181737
4183912
4188274
4192658
4196605
4202368
4245709
4310653
4329553
4335010
4335192
4337655
4341015
4357616
4358246
4372881
4374856
4376888
4517656
4630578
4639217
4711585
4736121
4737499
4751153
4790739
4812749
4815251
4826739
4830365
4834984
5001252
5009387
5018398
5043429
5051815
5059203
5059304
5107118
5116473
5375740
5431601
5475702
5486405
5506964
5525050
5554502
5561873
5667467
5689655
5689656
5689657
5790404
5897752
5958522
6067197
6112206
6259580
6268573
6309784
6347772
6348085
6360844
6372078
6393677
6398262
6437372
6532790
6541339
6588384
6622202
6674911
6678616
6724187
6767271
6770619
6773021
6773873
6788423
6793267
6798802
6801542
6813952
6821324
6981848
6986038
7000399
7001822
7009026
7132731
7185242
7292005
7307859
7420234
7432384
7443519
7450445
7555509
7555511
7616847
7672499
7695182
7702230
7771502
7825523
7851681
7876998
7970991
8014758
8020530
8050454
8061724
8077323
8124481
8151098
8199424
8208970
8306591
8359582
8384909
8389290
8429257
8472385
8486876
8487506
8550044
8591687
8644690
8646249
8696956
8772491
8855173
8912126
8971074
9107650
9112243
9112245
9200644
9255214
9313754
9408924
9444555
9457186
9571284
9593779
9643360
9669722
9799814
9840123
9840127
9867082
10070020
10078828
10205311
10221823
10227923
10333201
10341162
10432145
10485438
10553007
10553793
10634162
10655974
10690948
10741788
10827212
10870312
10870852
10894831
10927963
10937684
11010935
11021009
11032566
11110841
11145118
11156641
11169069
11172481
11277381
11278297
11314857
11319724
11357474
11375342
11427182
11473047
11485987
11553181
11602624
11681727
11715844
11719670
11742198
11837752
11893006
11932048
11943743
11999979
12001167
12037730
12084797
12162144
12228011
12234136
12283153
12335420
12401884
12414878
12424102
12456552
12470105
12591070
12601639
12727934
12740452
12800753
12830008
12883489
12907343
12959938
12970913
13381083
13938650
14064873
14067944
14077413
14078608
14080868
14111422
14116628
14148131
14166175
14185046
14322078
14571702
14652300
14693963
14742444
14748819
14760272
14768774
14960743
14971274
15083246
15097863
15110579
15151626
15181085
15308631
15326565
15356671
15371448
15447896
15448115
15561934
15578099
15589689
15616057
15625648
15625656
15632182
15716267
15729194
15747110
15756098
15762193
15770222
15831517
15937436
15983189
15998660
16083157
16088097
16093622
16094725
16108839
16118251
16140264
16176470
16272564
16279898
16306379
16456401
16492665
16638794
16679704
16684857
16691291
16720718
16733869
16794800
16802079
16902264
16923988
16997836
17021425
17023701
17077510
17086867
17149588
17158419
17180330
17203527
17217634
17226825
17229845
17265031
17344575
17370058
17376042
17437630
17484632
17519317
17520238
17535030
17547681
17591776
17659216
17702954
17703373
17705024
17724809
17786142
17850914
17889216
17917325
18008059
18070763
18078728
18094298
18211116
18245813
18249200
18251157
18256419
18276725
18358982
18365267
18379820
18395287
18397235
18400702
18442638
18465245
18492015
18492831
18497885
18505832
18522630
18539417
18541827
18556336
18636662
18641190
18654853
18671144
18752331
18769702
18803951
18846047
18925303
18955802
18957499
19046187
19053045
19058319
19105201
19108026
19116239
19228891
19246975
19254570
19269791
19282820
19288019
19365885
19366072
19381015
19403641
19422101
19434725
19577469
19581556
19606529
19615702
19643913
19646498
19706383
19713474
19729476
19738608
19745037
19752878
19761871
19765850
19776184
19819944
19842072
19925772
19930762
20029377
20030821
20036859
20037138
20048307
20110203
20117273
20124556
20171145
20201554
20204540
20211973
20216561
20222849
20301112
20304157
20332334
20340066
20357446
20385429
20385766
20392873
20414760
20422882
20445433
20461357
20483648
20489159
20507559
20518077
20529882
20558665
20587623
20620743
20622656
20624672
20672384
20683951
20719068
20735279
20800120
20864515
20882631
20962157
20963572
20977462
21036152
21042657
21142633
21145868
21164503
21179000
21183731
21194594
21252253
21261970
21270261
21319786
21343633
21375200
21389266
21396140
21409967
21429453
21440778
21463618
21471514
21472743
21504525
21519745
21521847
21562079
21613559
21661508
21674175
21717822
21733157
21764223
21766548
21830429
21865652
21937392
21957486
21990953