21439500
21439497
21439496
21439495
20922266
21315501
20971745
20846992
19639380
21691376
21377260
20829236
21555709
21304098
21304093
21109025
21070886
21601769
21514785
21507601
21489747
20846739
21626805
21548414
21591384
21537001
21350054
21440870
21093871
21402343
21148342
21696310
21420060
20229222
21097819
21591571
21516670
21324118
21159015
20958831
20946226
21059440
21041579
20962431
20962423
20877125
21029827
21033332
20931822
20859894
20809436
