19704322
10741766
20705800
20673035
19734030
10212100
16548907
18686729
21454400
19056716
19056717
21407823
20426173
20298367
21393027
16608061
16126934
16304264
17573491
18568842
17052301
19938970
18825385
12403883
19122355
21474499
20385477
14645966
18641115
18618079
20102378
10601534
20397812
19131638
19386068
17644366
11677452
21299472
2729756
15306534
10430855
20656943
19718453
17363767
18852156
19926869
2044729
18351420
18829675
21788524
18453361
16088438
21471102
20083585
19458953
21988758
22029978
21607839
12832682
18046895
8991557
20709820
20935108
21960696
21074394
16549342
20416480
22016483
11491150
12171811
20007924
20382712
18979835
