22257524
22172444
22104551
22095361
22052062
22039090
22034635
22021279
21896542
21705357
21653903
21642875
21521213
21374680
21303995
21150798
21147030
20956211
20871131
20664028
20660809
20603498
20434511
20388622
20207645
20167216
20160168
20142599
20061365
19960553
19876947
19834118
19700653
19692327
19628123
19574417
19422980
19402113
19358948
19333910
19324258
19293005
19255308
19204300
19204208
19141778
19061693
19026650
18957683
18955459
18941016
18824640
18805733
18725840
18725839
18725834
18725824
18725821
18662965
18657657
18628378
18617482
18585490
18539963
18506054
18417460
18393388
18384785
18381987
18364507
18314477
18309946
18309135
18258979
18227109
18162856
18161879
18042932
18024871
17983794
17976611
17971601
17965416
17909391
17925529
17895471
17848671
17712258
17693646
17668476
17662389
17566045
17504779
17502626
17498575
17488994
17309939
17283280
17194850
17174623
17122720
17122710
17113005
17090615
17070145
17030172
16996859
16843168
16760225
16757702
16750718
16708008
16682736
16678564
16678561
16670206
16571715
16530510
16504637
16487842
16458173
16458170
16449583
16434428
16432068
16338261
16278473
16267261
16258106
16258102
16216972
16209968
16195509
16186455
16169318
16051962
15998697
15992651
15970784
15923568
15908854
15871999
15800331
15713968
15668281
15637392
15611384
15598930
15591531
15583081
15550577
15508075
15494601
15483023
15479673
15467033
15280185
15265970
15258482
15234396
15232833
15232832
15230935
15226329
15226236
15188167
15184280
15167328
15145101
15131788
15122748
15082616
15069106
14978658
14564323
12915601
12893611
12891542
12835608
12796761
12796752
12796745
12777356
12774028
12668983
12628724
12618493
12591991
12570953
12460862
12441325
12407580
12392839
12187166
12107021
12094197
12069442
12016433
11923791
11923035
11919069
11914193
11905682
11905599
11889025
11877348
11773178
11738304
11717331
11673343
11502952
11428850
11323324
11231446
10752968
11032694
11029981
10986210
10931806
10925349
10807452
10784601
10758044
10749911
10673305
10637090
10637082
10630153
10511591
10502219
10472951
10470421
10457044
10446111
10436775
10436774
10433626
10411854
10385771
10359548
10347314
10220644
10203290
10080590
10076484
9932158
9932157
9932156
9932155
9883787
9878948
9878933
9850136
9839511
9839519
9747869
9738581
9736136
9708582
9691937
9665059
9625173
9609756
9603527
9539244
9500690
9496946
9491023
9453490
9428222
9398092
9366622
9305664
9305663
9313614
9279262
9230892
9230782
9240109
9224177
9191704
9183572
9063339
9071255
9060910
9064371
9071934
9014977
9012602
8994445
8998201
8985276
8873681
8944571
8843930
8949641
8781349
8809511
8752812
8651222
8964398
8613038
8606383
8666321
8609335
8536884
7489980
7586378
7563181
7674332
8746930
7560595
7674315
7636553
7797016
7498205
7762711
7588888
7737570
7721585
7671918
7875670
7698702
7840100
7828298
7817972
8547201
8547200
7890240
7823640
7942777
7913885
8020803
8166132
8122612
8113053
8279592
7506226
8270425
8259799
8249801
7504591
8411259
8410117
8404939
8393422
8478960
8480576
8141866
8459061
7679868
8314491
1452084
1452071
1434969
1434968
1399654
1518316
1450079
1387102
1615793
1637406
1572052
1595681
1551638
1739157
1736586
1736578
1536136
1773972
1749016
1960750
1951292
1951010
1934442
1918711
1951823
1860194
1717275
1889440
1855685
1710656
2022019
2013430
1999013
1997750
1991396
1990780
9187575
2174202
2253915
2387506
2192546
2330870
2404423
2782509
2511089
2768722
2764005
2502694
2656825
2463205
2909176
2908870
3400569
3381957
2968945
3351959
3162284
3258576
3128469
3339918
3336242
2960727
3695631
3121951
3609034
3819201
3570036
3557314
3805515
3532767
3752327
3752319
3721288
3706283
3962968
3514408
3940681
4056845
3925259
3925256
4014166
3988530
3882267
3976946
3919597
4014114
3966312
6496824
6437913
6236698
6206733
6745616
6736455
6586327
6738146
6731428
6429455
6695691
6142145
6700276
6691525
6694462
6638001
6577221
6888030
6849480
6823807
7137439
7117900
6956758
7202088
7109753
7058778
7315993
7315827
7311638
7282514
7258442
7258092
6165644
7202973
6970632
7471347
6970702
7446411
6778192
7408141
6966895
6772888
6767876
7377181
6766824
7354669
527884
387287
453192
453191
431147
758149
680494
645995
623365
623091
619592
415148
878986
862163
875495
68118
914527
947568
1261757
1253390
1190035
1104412
1126593
1119633
237802
4716501
5045706
5123276
6039731
5333928
5932703
5932702
5845250
18668756
14457354
14008621
13736934
14426029
13270799
13051826
14870277
