pubmedid
11897
12900
48615
49652
53498
54633
55612
59148
63852
64652
67586
68118
70990
71445
71541
76882
78097
81360
85057
86312
87892
89207
101568
128143
140252
165792
170590
178196
181784
195103
235149
237802
240480
318937
322205
322208
334331
355653
387287
409225
414574
415148
416685
424481
424610
431147
434687
437909
443971
445304
447867
448913
448914
453191
453192
464462
472235
476929
484965
486954
493539
495632
497744
521378
527884
534813
536137
571059
591250
618950
619592
623091
623365
626455
627059
632899
632901
632937
645995
671688
671716
680494
697537
698719
698752
702683
709036
709234
709448
718134
719867
758149
768734
769625
782616
788588
801606
810548
832388
837575
844157
862163
875495
878986
879617
912884
914527
928701
931215
943120
946002
947568
963171
975511
989523
990343
992932
1000799
1083143
1089492
1091188
1104412
1109723
1111723
1115974
1119633
1125587
1126593
1138550
1153740
1153745
1167339
1173833
1178864
1188111
1190035
1194957
1243571
1244733
1250315
1253390
1261757
1285770
1300205
1303131
1330025
1346411
1347171
1347347
1351130
1353142
1359259
1373030
1384823
1387102
1389084
1399431
1399654
1403137
1428495
1432020
1433120
1434968
1434969
1439361
1443833
1445980
1447439
1447574
1448668
1450079
1452071
1452084
1453529
1461198
1463862
1466366
1468873
1470767
1474411
1485529
1489375
1508735
1509307
1509876
1512909
1514469
1516288
1518316
1520944
1521208
1536136
1540761
1546597
1551638
1558047
1558087
1562944
1562945
1564563
1565749
1571864
1572052
1573345
1576224
1576226
1577216
1578205
1579759
1586125
1591789
1591964
1592251
1595681
1595763
1595764
1595770
1595772
1602033
1603702
1605141
1605428
1607897
1608117
1609697
1615793
1616218
1625615
1627984
1637406
1642108
1642387
1643709
1643738
1654193
1662893
1670689
1674297
1679773
1681136
1684291
1691429
1710520
1710656
1712384
1715140
1717275
1727094
1727391
1728777
1730995
1736578
1736586
1739157
1739350
1739358
1743529
1744766
1747591
1749016
1761109
1761111
1761112
1765934
1771210
1773972
1775677
1775678
1777275
1792555
1800422
1805316
1805805
1813465
1820123
1821236
1823859
1853918
1854815
1855378
1855685
1860194
1860764
1863025
1865537
1865777
1865780
1865785
1876615
1883122
1888246
1889440
1890442
1891394
1898478
1899064
1901611
1912446
1914188
1914198
1918711
1918775
1920696
1920718
1925188
1925850
1929680
1933225
1934442
1935010
1938029
1938095
1941027
1943795
1946791
1951010
1951107
1951415
1951823
1953231
1959769
1960750
1967704
1968125
1971374
1976428
1978126
1979375
1982178
1983932
1986595
1990780
1990878
1991396
1992893
1993327
1993334
1994728
1995273
1997750
1999013
1999689
2005474
2005479
2005729
2009476
2010610
2012864
2013430
2014950
2021295
2022019
2022802
2026031
2028119
2028127
2029013
2029096
2033776
2037855
2049846
2052726
2054435
2054454
2055739
2056651
2063478
2063638
2064932
2066224
2066237
2066749
2084003
2103568
2103869
2104704
2107287
2110269
2112864
2115577
2117365
2119115
2120111
2121054
2139002
2147397
2158760
2164363
2167349
2169322
2174202
2178408
2178536
2178537
2178583
2183730
2185549
2189311
2190055
2192546
2197147
2200321
2203963
2205185
2208563
2214103
2222082
2222088
2231042
2231052
2231053
2231060
2231252
2232014
2240920
2242577
2242590
2243431
2243878
2247315
2251734
2253342
2253915
2264597
2266432
2283257
2284389
2285235
2296996
2297913
2298548
2306060
2313409
2313838
2315750
2321821
2324308
2325525
2330870
2331210
2334748
2341918
2341929
2345095
2346707
2354936
2357820
2357889
2370497
2374041
2381192
2387036
2387506
2393322
2393714
2404423
2412629
2414039
2431640
2431904
2443098
2451969
2453768
2455071
2460174
2462507
2463205
2468519
2475078
2477223
2488280
2493423
2493829
2495781
2496692
2499433
2502223
2502694
2503840
2507197
2509742
2509745
2511089
2528311
2535679
2537441
2545424
2551167
2563789
2564495
2566849
2567296
2568193
2568195
2568196
2569749
2571019
2573502
2573784
2574804
2576943
2582789
2585155
2585157
2585163
2585164
2585165
2585678
2602251
2607303
2612798
2632306
2642498
2642562
2642983
2643379
2643419
2644461
2644490
2650496
2650964
2655142
2655659
2656000
2656825
2660771
2664405
2664862
2665483
2667418
2668677
2673577
2673579
2682573
2682910
2683766
2683916
2688337
2692111
2698524
2702744
2705357
2708013
2716130
2718499
2720344
2726202
2727479
2731344
2741964
2760379
2760697
2760756
2764005
2766450
2768722
2774777
2774779
2774783
2774850
2774903
2775645
2782509
2788628
2788750
2790126
2790127
2794747
2795261
2795828
2807680
2810674
2814071
2842103
2857023
2859933
2861333
2865514
2873381
2874456
2879090
2879187
2880051
2880504
2881115
2882211
2887761
2889111
2890980
2895270
2899798
2904007
2906543
2908870
2909090
2909176
2914370
2915457
2919607
2919932
2927997
2930800
2937292
2950834
2960727
2967551
2968468
2968945
2969779
2972073
2981369
2987558
3000177
3008905
3012021
3018308
3041808
3041938
3042189
3042842
3043622
3046543
3049969
3050919
3051958
3054000
3056313
3058858
3060366
3065318
3068340
3079637
3081279
3092903
3092971
3094803
3095516
3100902
3104944
3109184
3111587
3111616
3114858
3121951
3124681
3126627
3128469
3129069
3132283
3134984
3136095
3140929
3142553
3143462
3144334
3157698
3162284
3168204
3168229
3168251
3175703
3177393
3184418
3219103
3225861
3236884
3239613
3257301
3258576
3258642
3260808
3263774
3264961
3276266
3276267
3276947
3280067
3282408
3282465
3285672
3285776
3290529
3291042
3292081
3295419
3296706
3300458
3305999
3306003
3309215
3311464
3319669
3335868
3336242
3336596
3337509
3339483
3339918
3341671
3351959
3355305
3357077
3361088
3362039
3362040
3367180
3367454
3377621
3379740
3381687
3381957
3383038
3385113
3390909
3390915
3397791
3400569
3401824
3416431
3421349
3423503
3436899
3446703
3449986
3452036
3463387
3485342
3500622
3501341
3510040
3511502
3511634
3511822
3513492
3513932
3514408
3515933
3516043
3526882
3530079
3532767
3534168
3535604
3538969
3540328
3541726
3550165
3551603
3553828
3554531
3555202
3557314
3565429
3570036
3573245
3574019
3574020
3580436
3587784
3588462
3592429
3592875
3593912
3597797
3604794
3607662
3609034
3615874
3618645
3655966
3656601
3656604
3656609
3659357
3662182
3663822
3683111
3684980
3687900
3689539
3690830
3690841
3692036
3694295
3695631
3706283
3706368
3710034
3718544
3721288
3724209
3736376
3736468
3747088
3752319
3752327
3754612
3755325
3757718
3758397
3766588
3766594
3767151
3767535
3772600
3773651
3778040
3778172
3783901
3790925
3797264
3802469
3802511
3805515
3805553
3806268
3813238
3819201
3827464
3829391
3830260
3831639
3841684
3842424
3872018
3876755
3877421
3881019
3882267
3883708
3884183
3888510
3890007
3890655
3890659
3893118
3903450
3917741
3918644
3919597
3919839
3920792
3925256
3925259
3925778
3926181
3926182
3929661
3929937
3929951
3931615
3933713
3935237
3936790
3940681
3942482
3945278
3946879
3946988
3947184
3954279
3957607
3958132
3962968
3966166
3966312
3972953
3976946
3986728
3987114
3988530
3992074
3999341
3999368
4003986
4005389
4008844
4014016
4016638
4020783
4032676
4033482
4039270
4048217
4050716
4053352
4056845
4059723
4062463
4073107
4086149
4086970
4098459
4099256
4099783
4099901
4100019
4100719
4111190
4118498
4118584
4118640
4120149
4122131
4126108
4126634
4127308
4127347
4135032
4143585
4159490
4163892
4163930
4164084
4168611
4170028
4188450
4195768
4305455
4317183
4406187
4406509
4411997
4425900
4434149
4442014
4442015
4544681
4549494
4550300
4553740
4574189
4639873
4699593
4706951
4706953
4716501
4718840
4739512
4816860
4869134
4887463
4904709
4912720
4941660
4947304
4971102
4971103
4973343
4991606
5004396
5025276
5037920
5045706
5052908
5058163
5067674
5068266
5071695
5106573
5107573
5123276
5150073
5294177
5295563
5303414
5306632
5333928
5411449
5451591
5465688
5481565
5492501
5536581
5543559
5550376
5639628
5640642
5658901
5689250
5725734
5797777
5819235
5823048
5845250
5913077
5917660
5917892
5932702
5932703
5945986
6017170
6018051
6039731
6072215
6072631
6101401
6101691
6103374
6103960
6105428
6105529
6107728
6109866
6109965
6110817
6110821
6110874
6115227
6116086
6118541
6118670
6118678
6120314
6125813
6126670
6130333
6133304
6137594
6138504
6138792
6140299
6140553
6142145
6143214
6143228
6143913
6144838
6148743
6149341
6150377
6152816
6162068
6164951
6165644
6165874
6171361
6188939
6190057
6201687
6202991
6202996
6206365
6206733
6213281
6217088
6225146
6236691
6236698
6258822
6295012
6297300
6304263
6320036
6331905
6342034
6350789
6355522
6358406
6367457
6370167
6372476
6393122
6399871
6407640
6416386
6418307
6418325
6427429
6429455
6435748
6435848
6436522
6437555
6437913
6457316
6473785
6481928
6487912
6494016
6496824
6497571
6539160
6564084
6577221
6583338
6583718
6586327
6593059
6593112
6601534
6616388
6616389
6622680
6622702
6625772
6625783
6632145
6633187
6638001
6638726
6638733
6640911
6642460
6650770
6671182
6691525
6691776
6692189
6692208
6694462
6695691
6695965
6700057
6700276
6704459
6708855
6712368
6718798
6725586
6727586
6731428
6736455
6738146
6741986
6744588
6745616
6746936
6754052
6766824
6767876
6768279
6772888
6778192
6781340
6786433
6792967
6793264
6796696
6798597
6807484
6810386
6811036
6814630
6816389
6818597
6820460
6820461
6823807
6827741
6830385
6831726
6844949
6847983
6849480
6857245
6859087
6867259
6871349
6876356
6881167
6888030
6905944
6945613
6956758
6962436
6966895
6970632
6970702
6976684
6978024
6980732
6986127
6993534
7028302
7030231
7030245
7032439
7033576
7033996
7038718
7044330
7044509
7046902
7049102
7052404
7052406
7055973
7056865
7058778
7063161
7065566
7073153
7073409
7074824
7082116
7091170
7095969
7097897
7109136
7109753
7114641
7117900
7124763
7127818
7131678
7131702
7137439
7139488
7139505
7155647
7169930
7169935
7182702
7193662
7197307
7197712
7202088
7202973
7212488
7226514
7229070
7237026
7239758
7253159
7258092
7258442
7263467
7265432
7265448
7271104
7282514
7311638
7315827
7315993
7326543
7338703
7350606
7352230
7354669
7356218
7362350
7363468
7367183
7370371
7370827
7377181
7386505
7387297
7388429
7392167
7396604
7398043
7400733
7408141
7416912
7427501
7435476
7446411
7454931
7456190
7459550
7471014
7471347
7471392
7474250
7475709
7476318
7481214
7482226
7484556
7485622
7485624
7486465
7487391
7489980
7490184
7492255
7493663
7497032
7497635
7498205
7499034
7503086
7503088
7503092
7504591
7506226
7509494
7509593
7522074
7527116
7528754
7545147
7560595
7563181
7577211
7586378
7586779
7588888
7598445
7605095
7606027
7613637
7613800
7614445
7616335
7617180
7625420
7625627
7628110
7628113
7628652
7632176
7632202
7636553
7641390
7644859
7646591
7646731
7654105
7658206
7658872
7671918
7674315
7674332
7677112
7677139
7679043
7679868
7682515
7687260
7688054
7694555
7698702
7707012
7707595
7718048
7721585
7722575
7730843
7733125
7733842
7737570
7741367
7755230
7760971
7761915
7762711
7763151
7769901
7781406
7785633
7785715
7794359
7797016
7797312
7802777
7804061
7805343
7805346
7805650
7813072
7817972
7823640
7826780
7827550
7828298
7846399
7849821
7853038
7853629
7858369
7859200
7862982
7863872
7864624
7867018
7869065
7870904
7872338
7875670
7877392
7884508
7885127
7890240
7892479
7903777
7907675
7913460
7913885
7920120
7929863
7931737
7933428
7942777
7944066
7949594
7950587
7951647
7957786
7966469
7968029
7973851
7976477
7976918
7978702
7979837
7991745
7992733
7995801
7997533
7997707
8000840
8008076
8008991
8016224
8018002
8019315
8020803
8023031
8023036
8025743
8028470
8035433
8038641
8042607
8042819
8044068
8044101
8045019
8045026
8047811
8051531
8055402
8062175
8070086
8074841
8076985
8077999
8081135
8087999
8091068
8099644
8100916
8101259
8105114
8105214
8113053
8116993
8122612
8129502
8130859
8131278
8136668
8139057
8141866
8142087
8147675
8147681
8151396
8156238
8166132
8169088
8174239
8185420
8185423
8186674
8189175
8191559
8191980
8199676
8205638
8205798
8210827
8215740
8218675
8220955
8221416
8224347
8230621
8238063
8241830
8242051
8244870
8246698
8246704
8249801
8251823
8258381
8259799
8260013
8261189
8267778
8270355
8270425
8271091
8273848
8274109
8277551
8279592
8282505
8283589
8287163
8295297
8297197
8303217
8309035
8313495
8314491
8315184
8330408
8330409
8333376
8333382
8333601
8336375
8343748
8353005
8357490
8365503
8373308
8375058
8376063
8377991
8378517
8379804
8389689
8393422
8400982
8400983
8404939
8407730
8410117
8411259
8411573
8412556
8416152
8416154
8416567
8418344
8418703
8420448
8421365
8421930
8427544
8433118
8433467
8436362
8437039
8437306
8437311
8437968
8439905
8444573
8455053
8456752
8459061
8461680
8464947
8472111
8475286
8476877
8478960
8480576
8481067
8481077
8481763
8481987
8483397
8486501
8486880
8502843
8503262
8505808
8505864
8506883
8525457
8526699
8536884
8547200
8547201
8553962
8561103
8562223
8565213
8565223
8565239
8567615
8571306
8572844
8573461
8583267
8591578
8594256
8596266
8597323
8597764
8597765
8597766
8597767
8600064
8604174
8606383
8609335
8609682
8609683
8609687
8609689
8613038
8615565
8622399
8629647
8629648
8633455
8638993
8639009
8644781
8645835
8653915
8653917
8653919
8653924
8656505
8657905
8665681
8666321
8668614
8668872
8676195
8676419
8676838
8676843
8676844
8678367
8681013
8691223
8701918
8709766
8710067
8733774
8735757
8746930
8752812
8759943
8760727
8769542
8770716
8772661
8774575
8778540
8780470
8781349
8783436
8784122
8789599
8792988
8796389
8796758
8800074
8805757
8809511
8826991
8829703
8833015
8833683
8841339
8841648
8843829
8843930
8855139
8855165
8855483
8861043
8861989
8862102
8868800
8872784
8873504
8873681
8874459
8877064
8886786
8893415
8899386
8903128
8909744
8910960
8910961
8912292
8912298
8912303
8912304
8917178
8918481
8922215
8928984
8929006
8934123
8934599
8939225
8941899
8942846
8944571
8944609
8944739
8949641
8964398
8972407
8973470
8976911
8985077
8985276
8990216
8990235
8994155
8994156
8994157
8994158
8994445
8997594
8998201
9002333
9005307
9012724
9014977
9020274
9020517
9021392
9021863
9023142
9024374
9024379
9025745
9027279
9048686
9057553
9057786
9060216
9060910
9062310
9062781
9063282
9063339
9064371
9071255
9071934
9072927
9074861
9091668
9092326
9095117
9099121
9103127
9103345
9105755
9109469
9111120
9114082
9114117
9114128
9116101
9117076
9129402
9130305
9130972
9131880
9133496
9134611
9140269
9140270
9140274
9141746
9142659
9145717
9147591
9147602
9154896
9160493
9161587
9165320
9165553
9166045
9166255
9177105
9178050
9178789
9179095
9179517
9179826
9183572
9187575
9189187
9190027
9191627
9191704
9202539
9207339
9214258
9217511
9217616
9217633
9217639
9217792
9224177
9224481
9225521
9225780
9230033
9230782
9230892
9231939
9238365
9239613
9240109
9246802
9251552
9260756
9265434
9265902
9269243
9270438
9272651
9275921
9277009
9277012
9279262
9280263
9291377
9294391
9295824
9298859
9299967
9299968
9299970
9299974
9299983
9299984
9301744
9302952
9304563
9305663
9305664
9308512
9310574
9313614
9316557
9325899
9326476
9329312
9329517
9330425
9330426
9332756
9333269
9337511
9339423
9341353
9343547
9346456
9351165
9355172
9358330
9363037
9366622
9372378
9374365
9374953
9382404
9393257
9398092
9398799
9401273
9406098
9408201
9408430
9409538
9412693
9416586
9419704
9419705
9428222
9436896
9438645
9441580
9453490
9456202
9456203
9456204
9456205
9456206
9471934
9474053
9475027
9487093
9487324
9491023
9496946
9500690
9522228
9526856
9529287
9529303
9530897
9531199
9532557
9533365
9538674
9539244
9549006
9554345
9554491
9554679
9556938
9565171
9565393
9566305
9566389
9571391
9576410
9576412
9576418
9576576
9603527
9604041
9604984
9609170
9609756
9613636
9613883
9616416
9622050
9622261
9623749
9625173
9629638
9635907
9647421
9650966
9656968
9660362
9665059
9669792
9674713
9676562
9677208
9678278
9684847
9685274
9686708
9691937
9694449
9694762
9695701
9701096
9703538
9707063
9707147
9708582
9709267
9717779
9718643
9721584
9722798
9727109
9727805
9727821
9729004
9730034
9735062
9736136
9738581
9739975
9742909
9747869
9750846
9754497
9754761
9757966
9758573
9758575
9762874
9776272
9777915
9778201
9779854
9791383
9794310
9794314
9794854
9794982
9799132
9799750
9800738
9809334
9814366
9820739
9839511
9839519
9845415
9850136
9850394
9852260
9855670
9862291
9863858
9867748
9867749
9867751
9867760
9871950
9875876
9878933
9878948
9883787
9887943
9891166
9891171
9891180
9914561
9916845
9924851
9928467
9932155
9932156
9932157
9932158
9951952
10050993
10053032
10053042
10067731
10071593
10076484
10080590
10082224
10082712
10086706
10086818
10089107
10090535
10091911
10095803
10097370
10101337
10110575
10136934
10164729
10171094
10171303
10177056
10178666
10178714
10185137
10194160
10195674
10201748
10203290
10203622
10208211
10217628
10218527
10219924
10220644
10222377
10225240
10225255
10228890
10229250
10230838
10231083
10235207
10269891
10307634
10319885
10323817
10328596
10331094
10339200
10347314
10348063
10357700
10357701
10359548
10359891
10360335
10372587
10376053
10376574
10376576
10377546
10378623
10385771
10389200
10392393
10394992
10399170
10402712
10404935
10405854
10405859
10411854
10415424
10419447
10430794
10430821
10431948
10433626
10435062
10436774
10436775
10442663
10446111
10448769
10452427
10457044
10460045
10470421
10470573
10470903
10471675
10471678
10471680
10472951
10473082
10475974
10478258
10478695
10489949
10492314
10493205
10496823
10501649
10502219
10508121
10511591
10513709
10516534
10519696
10520648
10523219
10524488
10531099
10531167
10535437
10543382
10548324
10568715
10569401
10572350
10580787
10584605
10585337
10587119
10588169
10588492
10591726
10602551
10603519
10604380
10604388
10607974
10611613
10623973
10626315
10628455
10630153
10632832
10636603
10636608
10637082
10637090
10638584
10649298
10653058
10653450
10653453
10654964
10657385
10663431
10665697
10665698
10665699
10672763
10672835
10673305
10673967
10682674
10689219
10693905
10694728
10697607
10698488
10699100
10699621
10709353
10716505
10717718
10718466
10718899
10721761
10723853
10724081
10726808
10732272
10741102
10744092
10746519
10749911
10752968
10754945
10758044
10759751
10759753
10761493
10767731
10768672
10773766
10776197
10782593
10784601
10791525
10793297
10795955
10796760
10798509
10802338
10803724
10805876
10807452
10810767
10815697
10830410
10830411
10840506
10844726
10861778
10863596
10868163
10868695
10875784
10877288
10890618
10893123
10899443
10925349
10926107
10926881
10926888
10931806
10941947
10946893
10949776
10955181
10955935
10957926
10961469
10961580
10963208
10968445
10972376
10973893
10974621
10979065
10979882
10980910
10985206
10985227
10986210
10997560
10998816
11003813
11006761
11009160
11010345
11025834
11028136
11029677
11029981
11031402
11032694
11042916
11045795
11053197
11055513
11058690
11063040
11063959
11066622
11071696
11079954
11088080
11096014
11096567
11104452
11106318
11108774
11118153
11119401
11121146
11123562
11125943
11129468
11129469
11129470
11129488
11130391
11132872
11147482
11147988
11151807
11152864
11155181
11159766
11164354
11165455
11174888
11176843
11180464
11180481
11184339
11191259
11192650
11213874
11231446
11231707
11233954
11238288
11239106
11244154
11251764
11252111
11252592
11253984
11257640
11259214
11260278
11263800
11273868
11276040
11280547
11285657
11312195
11315019
11316621
11318198
11318928
11323324
11326720
11327349
11333429
11340616
11343372
11343473
11343474
11343664
11343666
11357249
11358000
11358112
11361931
11373208
11375233
11377662
11380990
11383956
11387583
11390552
11400021
11403118
11421568
11425094
11426114
11427139
11428850
11434868
11436930
11437191
11442993
11453609
11453710
11457683
11463691
11467013
11468225
11468699
11469601
11469810
11470394
11475387
11478748
11479050
11502952
11504216
11505859
11508750
11509158
11509306
11509427
11522462
11525298
11526249
11528304
11529394
11529700
11531050
11535944
11549968
11559457
11562928
11563943
11566457
11568944
11568945
11570936
11572740
11575412
11576806
11583141
11583457
11585021
11586153
11589939
11594900
11667937
11672950
11673343
11673371
11679039
11684235
11687758
11693315
11699847
11700155
11704359
11705137
11706531
11709970
11711421
11717331
11719473
11724038
11728540
11738304
11739905
11740373
11749919
11750191
11751537
11760100
11760105
11760109
11767953
11773093
11773178
11776252
11782669
11782689
11785727
11794254
11796871
11802302
11809259
11809640
11814543
11818428
11825299
11837348
11848729
11850305
11851611
11860409
11861435
11865742
11866256
11873891
11877348
11884979
11888031
11889025
11889533
11893348
11893368
11895830
11897304
11899769
11905599
11905682
11906637
11910053
11914193
11914301
11915972
11916468
11918385
11919069
11923035
11923791
11924332
11932846
11933571
11934143
11936237
11937207
11943052
11950627
11955459
11959058
11964425
11966336
11974617
11983035
11983643
11988060
11994366
11994883
11996876
11997537
11997553
12001598
12010314
12016433
12032424
12038556
12045424
12049680
12053112
12057078
12057547
12060041
12069442
12072112
12072654
12073753
12076917
12082922
12084310
12088291
12089276
12090985
12094197
12095368
12096223
12107021
12110151
12111911
12111918
12113868
12116690
12118972
12119426
12123408
12126814
12132012
12132759
12143868
12146572
12150389
12153390
12153394
12164770
12170396
12171229
12180885
12182922
12186520
12186603
12187166
12188382
12196088
12204317
12210446
12213139
12216909
12220611
12226030
12230001
12230004
12232959
12291688
12318858
12364413
12370551
12370761
12374492
12377089
12381539
12381546
12383668
12390081
12392839
12393358
12404652
12407003
12407475
12407580
12408528
12410014
12414239
12416313
12417367
12418422
12418523
12421138
12421142
12425181
12425553
12430883
12432824
12438022
12439396
12441325
12444897
12446465
12446468
12446473
12458993
12460862
12480441
12489289
12490337
12490812
12502137
12503983
12507028
12507953
12511433
12511463
12511664
12513043
12513046
12526072
12529025
12534664
12535419
12538548
12547446
12547544
12556603
12566324
12566950
12570953
12572958
12578517
12580896
12585742
12588274
12591991
12601698
12606098
12616215
12617275
12618493
12621332
12622396
12627783
12628724
12632348
12637139
12640943
12642052
12642843
12643553
12644026
12648256
12648684
12652562
12659386
12659982
12667240
12668983
12672328
12687652
12693878
12693899
12693900
12695273
12705622
12708642
12708643
12709369
12709370
12710125
12721394
12733838
12735419
12740275
12751420
12756685
12757563
12759314
12759326
12760480
12762453
12766916
12767959
12769251
12772870
12774028
12777356
12777601
12779304
12782433
12786619
12787710
12790253
12796745
12796752
12796761
12798450
12798709
12802821
12802830
12807565
12807643
12809320
12809332
12809411
12809450
12810156
12810892
12814730
12816898
12816918
12818829
12818853
12820281
12820817
12828565
12834318
12835608
12835804
12836719
12847869
12848648
12858603
12859161
12861124
12862284
12866774
12869481
12872299
12872305
12872306
12873643
12875807
12876246
12877755
12878740
12883287
12891542
12893394
12893611
12893694
12899498
12899585
12914514
12915601
12925502
12925524
12926580
12928220
12933514
12933515
12933537
12933593
12933607
12933617
12934976
12939781
12944756
12946460
12952736
12954681
12958120
12959722
12959723
12963574
12965940
12965983
12972818
12973785
12981179
13051826
13164312
13209193
13270799
13417589
13612207
13679330
13736934
13888357
13900354
13914329
13930177
13949108
13952925
14008621
14042604
14042982
14043752
14045348
14052978
14056013
14056018
14064997
14065877
14069613
14071825
14081787
14082741
14087246
14102243
14104154
14118684
14120080
14121290
14137500
14149207
14149208
14158556
14158679
14181151
14184153
14184817
14185803
14204555
14204559
14206019
14219504
14228275
14241901
14250105
14257418
14258342
14267743
14280517
14282156
14284859
14285304
14286811
14288081
14290440
14292885
14314204
14315230
14315651
14323663
14382602
14400438
14406820
14425431
14426029
14457354
14461761
14499792
14500590
14500613
14502113
14504124
14505494
14508153
14512475
14516527
14519861
14520288
14532305
14532307
14532308
14533128
14559741
14564323
14568626
14570298
14571700
14574065
14578149
14578309
14581157
14582499
14590561
14593188
14595137
14597493
14600175
14602855
14605614
14607711
14608237
14617444
14618551
14620934
14626307
14627591
14632851
14633908
14643563
14644898
14649357
14651395
14652286
14652865
14656898
14662631
14664663
14667553
14680904
14683661
14686017
14695637
14697004
14703224
14705310
14707219
14709578
14709635
14710797
14716724
14717855
14718393
14731999
14744827
14751693
14751700
14752174
14755388
14757617
14759077
14766108
14769617
14791576
14870277
14961835
14966175
14969472
14970151
14972637
14978658
14978981
14981023
14981678
14986731
14987575
14987580
14991453
14996781
14997240
14999943
15014693
15014694
15025014
15027511
15031285
15040792
15040869
15046976
15049571
15057952
15062713
15063811
15063814
15066356
15066928
15066933
15068258
15069106
15070581
15070844
15071365
15073027
15080845
15082616
15094276
15095428
15104645
15109345
15110493
15116348
15122748
15123161
15128008
15128978
15128992
15131788
15137558
15141275
15142978
15145101
15148096
15155020
15156548
15166938
15167328
15168957
15172373
15175211
15184243
15184280
15185774
15187057
15188167
15191683
15192060
15195018
15195768
15204666
15211012
15211602
15217851
15218981
15225165
15226040
15226053
15226236
15226329
15228642
15229962
15230935
15232242
15232400
15232832
15232833
15234396
15234813
15236427
15236428
15236429
15243943
15247747
15251608
15258077
15258482
15259526
15262608
15264983
15265970
15271838
15276591
15279918
15280185
15283869
15287275
15289998
15292016
15295122
15302630
15304025
15307976
15310521
15316909
15319091
15322319
15323238
15324998
15338495
15339287
15344194
15352145
15353456
15356934
15358397
15360064
15367850
15370050
15406889
15437891
15451091
15451130
15451760
15457668
15461821
15462717
15467033
15467371
15468751
15477624
15478854
15479673
15480885
15483023
15483077
15484159
15494601
15500302
15502094
15504635
15508075
15513532
15525861
15533242
15534345
15534346
15534891
15534897
15539673
15540305
15543548
15546230
15546487
15550577
15563256
15566752
15570569
15576529
15577720
15583081
15583225
15587432
15591531
15596639
15598770
15598930
15601463
15603914
15610443
15611384
15612604
15615943
15631641
15635678
15636329
15637392
15640921
15644855
15649665
15654407
15659258
15664088
15667570
15667716
15668281
15668494
15681560
15691297
15693726
15713774
15713968
15718118
15718865
15721588
15726126
15728170
15730597
15733020
15734951
15734966
15735418
15735476
15740509
15741363
15741756
15744211
15762407
15763576
15765500
15767622
15767635
15770704
15772099
15778023
15780039
15783239
15784080
15788806
15791890
15798490
15800299
15800301
15800331
15802723
15805051
15807148
15808129
15808952
15815193
15824554
15836503
15837022
15838075
15844697
15845330
15845331
15845930
15846154
15847623
15856486
15862085
15865855
15871999
15877537
15878052
15879401
15885668
15886379
15889304
15894664
15900606
15908854
15918143
15921512
15923568
15933365
15935104
15943861
15953834
15958253
15959759
15961549
15961694
15961696
15968012
15968029
15970784
15977289
15977301
15984711
15984989
15987986
15990489
15992651
15998611
15998697
15998755
16000439
16004524
16005334
16011710
16018921
16025548
16031306
16032202
16048576
16050856
16051962
16061892
16061907
16078387
16079162
16079428
16085191
16086127
16086475
16086610
16096762
16097138
16098895
16099683
16103513
16108003
16108239
16120847
16120903
16122146
16125594
16126566
16131575
16134011
16134167
16135935
16140064
16158010
16158401
16158406
16159049
16161800
16161803
16167223
16168350
16168781
16168979
16169318
16170017
16170439
16175157
16176886
16177435
16182459
16186455
16189057
16189811
16193777
16194635
16195268
16195509
16197464
16208001
16208108
16209968
16211779
16214648
16216972
16217836
16225994
16228148
16236874
16253853
16258102
16258106
16260914
16263813
16264161
16266421
16267261
16271538
16272070
16278123
16278473
16279320
16281427
16285097
16287201
16298106
16304077
16306091
16314197
16315149
16318516
16325854
16325896
16332187
16335856
16338261
16339303
16345124
16345129
16350455
16360314
16362828
16369398
16374904
16385513
16386925
16392084
16394505
16403932
16405361
16415474
16418351
16421400
16422776
16431190
16432068
16432986
16434428
16439735
16446263
16449218
16449583
16455871
16458170
16458173
16458498
16461972
16461974
16467711
16469759
16470073
16472399
16474092
16474943
16476748
16477224
16477254
16480502
16480566
16482730
16484332
16487454
16487456
16487842
16490463
16492905
16496507
16497556
16499723
16504637
16504811
16509936
16511793
16512926
16522774
16529822
16530510
16533955
16534085
16537750
16539088
16545207
16549706
16556497
16563482
16564821
16566984
16567608
16571715
16573512
16574757
16574761
16574764
16583579
16595079
16610249
16627197
16637948
16637950
16639994
16642657
16651049
16670206
16670248
16675307
16678286
16678396
16678561
16678564
16681989
16682736
16682939
16685704
16686288
16686819
16698768
16699466
16701154
16707072
16708008
16710543
16713517
16715351
16716553
16719547
16721651
16722612
16729231
16729917
16741842
16741996
16750718
16753245
16754281
16754927
16757702
16758120
16760225
16772616
16775188
16778391
16789674
16792798
16793928
16798041
16802842
16808772
16809405
16817295
16828407
16828672
16834458
16836693
16839325
16840762
16843168
16849365
16850076
16858075
16869960
16872535
16873922
16878233
16883925
16888439
16891879
16896306
16900269
16901379
16909063
16910384
16912851
16918744
16918927
16926646
16926946
16926971
16927452
16935476
16936328
16937029
16945604
16945618
16946327
16948838
16954976
16958832
16960213
16960216
16964873
16968610
16974018
16978917
16978918
16980117
16990420
16996859
17015586
17019171
17030172
17031148
17034599
17039220
17039537
17042421
17051087
17052356
17053156
17053457
17054089
17059983
17063218
17070145
17070627
17073564
17076885
17076975
17085745
17088193
17090615
17092277
17094341
17099201
17101401
17101937
17101938
17108566
17113005
17116609
17116920
17119042
17119188
17122710
17122720
17139702
17141708
17142533
17145075
17156452
17158194
17166803
17171687
17173180
17174604
17174623
17183437
17185659
17185660
17186684
17187583
17189035
17194850
17199236
17204953
17204954
17207147
17213420
17214621
17223625
17225482
17236490
17236735
17242317
17251607
17256026
17256031
17256804
17276209
17283280
17288593
17292021
17292767
17293746
17294611
17296661
17296881
17303841
17305219
17309939
17312292
17318390
17320653
17321946
17325426
17327910
17333118
17339617
17340598
17343430
17350703
17357335
17357988
17359452
17367876
17372244
17382214
17384005
17388736
17391509
17392245
17395713
17398221
17403908
17404844
17405973
17407386
17412241
17416835
17419965
17422326
17426987
17429593
17431128
17435644
17436083
17436835
17436842
17437740
17437781
17446200
17447940
17454203
17455547
17456823
17458318
17460505
17462170
17463177
17466586
17483491
17484195
17485267
17488994
17489675
17495589
17498575
17499391
17502626
17502640
17504779
17510747
17517922
17519412
17537380
17539044
17539793
17543127
17545184
17550315
17553621
17557451
17560449
17561292
17565292
17566045
17571524
17576979
17577559
17579145
17590554
17594491
17602927
17608749
17610661
17611957
17613567
17615420
17620534
17624866
17626224
17629744
17635892
17639219
17641072
17641142
17641258
17641318
17655612
17657204
17659235
17659875
17660273
17662389
17667511
17668269
17668289
17668476
17670622
17673249
17685215
17688512
17688513
17689805
17693646
17700197
17700230
17701439
17702360
17704322
17712258
17713468
17715094
17715096
17717617
17721430
17722203
17725080
17726358
17762057
17763377
17765423
17767898
17823544
17825024
17825754
17827467
17846441
17848671
17849740
17850855
17852321
17873241
17873264
17879684
17884237
17884591
17885168
17889342
17889975
17890436
17895471
17897191
17901925
17904321
17904458
17904463
17905770
17908357
17909391
17910010
17914698
17925529
17938052
17938064
17938304
17939589
17944707
17954629
17960778
17963520
17964453
17965416
17968493
17968858
17968872
17971601
17976429
17976611
17982322
17983794
17989336
17991942
17997067
18000108
18004053
18007159
18022035
18024533
18024613
18024871
18032262
18034306
18036219
18042932
18042945
18043789
18045288
18048484
18055160
18056687
18064524
18066940
18068561
18070816
18074912
18077528
18077530
18078902
18079230
18083460
18083627
18086251
18087057
18088564
18094136
18095040
18096069
18096917
18097110
18139621
18146488
18157581
18161879
18162856
18165672
18166731
18167634
18172771
18178776
18180229
18181322
18182528
18192575
18192963
18196687
18198430
18199608
18201842
18202327
18214632
18218106
18218174
18221407
18223134
18227109
18228599
18234402
18240032
18241080
18258979
18260751
18265437
18270600
18270850
18277021
18284521
18291032
18292381
18297164
18299442
18300333
18304288
18304996
18309135
18309946
18310148
18312102
18313370
18314477
18316659
18325519
18329897
18333101
18335280
18338215
18340044
18340200
18346583
18347860
18347878
18348878
18349092
18349629
18364487
18364507
18368301
18369209
18371124
18372447
18373401
18376385
18381474
18381987
18384785
18387029
18393388
18394544
18400443
18403498
18404940
18405173
18408457
18408991
18410256
18413555
18416600
18416909
18417460
18421509
18421511
18426855
18428606
18435767
18440270
18443324
18448753
18452045
18454574
18455343
18457475
18469546
18470278
18471031
18480041
18483053
18483231
18486446
18486968
18490558
18491194
18497417
18498519
18501958
18503965
18506054
18513468
18523709
18535302
18536498
18538264
18538971
18539647
18539963
18541613
18543044
18546326
18547435
18551515
18556633
18556767
18561000
18562725
18566166
18566177
18566655
18569149
18571141
18573822
18581665
18584097
18585490
18591542
18593971
18604049
18608611
18613272
18615308
18615510
18617482
18617581
18618192
18619792
18622167
18623215
18625623
18628378
18631409
18636005
18637139
18637991
18641247
18641420
18644517
18649483
18652521
18657657
18662965
18664302
18668756
18671847
18673544
18680124
18685403
18687511
18687739
18693299
18695710
18702935
18708385
18708410
18708830
18709693
18714084
18714185
18719197
18724951
18725821
18725824
18725834
18725839
18725840
18753686
18763695
18765697
18766087
18772266
18775603
18778913
18778920
18781123
18781934
18782392
18783349
18783389
18786108
18795662
18796681
18801465
18805733
18805830
18812557
18812583
18814199
18814857
18816508
18824501
18824640
18824907
18827042
18833409
18842141
18845594
18847166
18847555
18855267
18860399
18904069
18926051
18929018
18941016
18948559
18955459
18957099
18957683
18975696
18985706
18991697
19001615
19001983
19002061
19003744
19005928
19008263
19017454
19021302
19021600
19022409
19026650
19027177
19029865
19032128
19033691
19042591
19046450
19047024
19061210
19061693
19067379
19072485
19072748
19074757
19075208
19075211
19077806
19079392
19082695
19085409
19086954
19092560
19094828
19095167
19098203
19098604
19102800
19114768
19119555
19124109
19125126
19126254
19127974
19127977
19128896
19132141
19137073
19141778
19144484
19146750
19147731
19151849
19152699
19154609
19155458
19160271
19162331
19177168
19182214
19187801
19194389
19196096
19199851
19200425
19204208
19204300
19204415
19208218
19208369
19211995
19217148
19218539
19219920
19223848
19226524
19230607
19230608
19230612
19242352
19243454
19247188
19247718
19249168
19253495
19255308
19261139
19261418
19267966
19268515
19272727
19276269
19276909
19277724
19278830
19281543
19281900
19282797
19285154
19285818
19285825
19289371
19289434
19292846
19293005
19299097
19299540
19299896
19300264
19300530
19320188
19322094
19324258
19326299
19331016
19332230
19332234
19333910
19336349
19336361
19336432
19339094
19341667
19345782
19349456
19357034
19357241
19358948
19364636
19372476
19375360
19375547
19379083
19383892
19386062
19393103
19398295
19398297
19401314
19402113
19402895
19412152
19419234
19422980
19430404
19433841
19434727
19435763
19446264
19447007
19447581
19451313
19452291
19452567
19457792
19458561
19461821
19463436
19470184
19477615
19482891
19489757
19499551
19501722
19502104
19508240
19508416
19513311
19513795
19534305
19535063
19536966
19542392
19546018
19548633
19556043
19560166
19562044
19567507
19568039
19572486
19574417
19574772
19581345
19581642
19581646
19582981
19589912
19591118
19595951
19605886
19614632
19615301
19624812
19625332
19628123
19632572
19635177
19635278
19636026
19636031
19636032
19643385
19654172
19658203
19658317
19658441
19660165
19662209
19663541
19667051
19667695
19668499
19675116
19682125
19691022
19692327
19692710
19699373
19700653
19703867
19703877
19705490
19716680
19716965
19723927
19727150
19744295
19747364
19747695
19760147
19764953
19770294
19778969
19781085
19782835
19784754
19786156
19786677
19791835
19802353
19805728
19808031
19820287
19822693
19833588
19834118
19835342
19839504
19850631
19876947
19884488
19886088
19887215
19889451
19891815
19894216
19897696
19899827
19903336
19910505
19910523
19911251
19912174
19912597
19920238
19920957
19921458
19931351
19939590
19939610
19945603
19952148
19957147
19959625
19960243
19960553
20003695
20003824
20006958
20007858
20010216
20012560
20015907
20016215
20016818
20034098
20034201
20044646
20051118
20056381
20060646
20061365
20065011
20065013
20065196
20065544
20065802
20076897
20079959
20082511
20084464
20086117
20086573
20092624
20102984
20103578
20104122
20108382
20110452
20112889
20114130
20124234
20127932
20132369
20142599
20150250
20150988
20157739
20157961
20160168
20161444
20165599
20167216
20171532
20180645
20181051
20185623
20191940
20193885
20196725
20196799
20197766
20200768
20207645
20209021
20210999
20212301
20214917
20222936
20227213
20229075
20230434
20233801
20236101
20250005
20299679
20312454
20327341
20328938
20334654
20335439
20347647
20350138
20353578
20356856
20356857
20367500
20368745
20369128
20372151
20384959
20386054
20388622
20388893
20392754
20393104
20398358
20407841
20409660
20410386
20414115
20414821
20418673
20419561
20421262
20427156
20427490
20431431
20434511
20442390
20447226
20450855
20453399
20459614
20460624
20461967
20462942
20463245
20466091
20466562
20469193
20470035
20485227
20488874
20489646
20493461
20495449
20496208
20496347
20509879
20511377
20518061
20521713
20525905
20533411
20539836
20544290
20551304
20552570
20554391
20557416
20560934
20565822
20576385
20582485
20586866
20592174
20599157
20601142
20603498
20606441
20624312
20625548
20634249
20634392
20635366
20639184
20639268
20639562
20639572
20641144
20644486
20647125
20651076
20651195
20652588
20653703
20654553
20655062
20660809
20661011
20664028
20667600
20670316
20673897
20678119
20678303
20680029
20680986
20682003
20683445
20683886
20692025
20692619
20696621
20698036
20699454
20703341
20703398
20704909
20707668
20709591
20712876
20716821
20722114
20722116
20722156
20722160
20722167
20722170
20722183
20723264
20729940
20733935
20734519
20736101
20737813
20738941
20789692
20796297
20796301
20797554
20799249
20800903
20802273
20804880
20809381
20809485
20811564
20822854
20825128
20828735
20829620
20833703
20841573
20842554
20842559
20843130
20843874
20845401
20846585
20847434
20855801
20856647
20858819
20860643
20862668
20868526
20871131
20877280
20881153
20881154
20881157
20881158
20885184
20885324
20890316
20921545
20922509
20926316
20928990
20929471
20930305
20932288
20934211
20936544
20937054
20937188
20939106
20940384
20943258
20943835
20954220
20955374
20956211
20956395
20957394
20965437
20975013
20976137
20976697
20978046
20978486
20981005
21035229
21044294
21051648
21067719
21070150
21081945
21088255
21088937
21092393
21109582
21113824
21118850
21122625
21122693
21131152
21131671
21131759
21131880
21133188
21147030
21148121
21149744
21150586
21150798
21152453
21158294
21159642
21159772
21163205
21169250
21170549
21170903
21174557
21175555
21176180
21178595
21179925
21180545
21183093
21186994
21187785
21187830
21190275
21194097
21194307
21194888
21194890
21198277
21203806
21208582
21209479
21209901
21213205
21217482
21223306
21226570
21229319
21233156
21239370
21243273
21244887
21245678
21249220
21255160
21257875
21257876
21258599
21270283
21275496
21279105
21281234
21282698
21286048
21288289
21289246
21292416
21292888
21293293
21294700
21295187
21295339
21297275
21300535
21300740
21303528
21303835
21303995
21307745
21311583
21316880
21327528
21334984
21336066
21336670
21338395
21338942
21342025
21342068
21358854
21360028
21361890
21362007
21373852
21374680
21383043
21384700
21388049
21390995
21391573
21393564
21394590
21396251
21397583
21401454
21401947
21402681
21410747
21411552
21412894
21418780
21432889
21435708
21436638
21440402
21441491
21442261
21442338
21443672
21444935
21449712
21460019
21460747
21462162
21462796
21465451
21466548
21466745
21472763
21483431
21487548
21489888
21493208
21494442
21494779
21495059
21499658
21499997
21502390
21507911
21508121
21510850
21511738
21520004
21521213
21522062
21524363
21528109
21531226
21532099
21535990
21542544
21542547
21543462
21543675
21548104
21557882
21560189
21570726
21575118
21592674
21600645
21601725
21609977
21613965
21619592
21626106
21633092
21633608
21636167
21638301
21642709
21642875
21645335
21651719
21653903
21658350
21665896
21669461
21672003
21677065
21680205
21682927
21684308
21684395
21692675
21697257
21699510
21705357
21707828
21708036
21712730
21714917
21716557
21717286
21721708
21728814
21729185
21737470
21738575
21742609
21744498
21752974
21753894
21762236
21764080
21764171
21764631
21765724
21766757
21767164
21769685
21771324
21776805
21777943
21777981
21781318
21784670
21785076
21786286
21788921
21793122
21801452
21801459
21804828
21806798
21810544
21814496
21824956
21824957
21824958
21830925
21833926
21833933
21834788
21845599
21845600
21849039
21850574
21859031
21862978
21865483
21870192
21870345
21872091
21872817
21874132
21875543
21890299
21890706
21896542
21897484
21902532
21905759
21907896
21912173
21920876
21920893
21927034
21927404
21940332
21945108
21947303
21948205
21948225
21949169
21952192
21955126
21969353
21970482
21971701
21977217
21981406
21981821
21984228
21986644
21986647
21995190
21998045
22001307
22004492
22008395
22010769
22011207
22017371
22021279
22025432
22028704
22029839
22034635
22039090
22041470
22051211
22052062
22066306
22068248
22068288
22071383
22073189
22073936
22074063
22075204
22076388
22080707
22083552
22086091
22087311
22093530
22095361
22104289
22104551
22118266
22120798
22126491
22137377
22138003
22139723
22139763
22139832
22144408
22144501
22144502
22145553
22145678
22147277
22151109
22152186
22156177
22157304
22157305
22158016
22161237
22161961
22162414
22166055
22166609
22172444
22180288
22180487
22183104
22184494
22187759
22188494
22197268
22211149
22211779
22221508
22221590
22221821
22223253
22228880
22233760
22237833
22240170
22245450
22247323
22248074
22248564
22250146
22251180
22252571
22257524
22260933
22261010
22264207
22264970
22266381
22269612
22271125
