22151235
21984142
21432758
21889113
21875420
21616236
21297143
21512042
21130470
21471253
21430930
21338851
21129909
20933243
21295203
21225405
21098171
20713538
20574707
20922626
20700090
20570118
20592372
20517910
20437132
20308440
20173104
20123896
20190710
19558959
19486717
19383238
19127894
18838848
18695792
18280613
18536072
18496040
18475291
18423313
18379306
17965070
18235105
18222091
18265716
17986114
17517082
17876555
17296637
17274583
17056930
16985137
16671379
16539088
16244276
15973662
15935966
15772541
15729116
15724498
15630699
15665676
15538149
15511468
15304661
15208113
15195479
15189939
15115033
15096984
14752180
14595149
12511836
12425887
12394123
12368917
12147849
12126047
11855152
11481584
11133566
11037471
10988081
10939499
10897570
10807805
10767234
10752885
10319756
9569333
9421647
9266878
9266877
9118069
8683316
8736205
8685369
8729997
8634924
8617067
7570322
7617851
7824716
8255747
8404239
8404158
8439583
2019220
1973716
2110722
2724611
3243052
3279707
