7681565
7681564
7681563
7681562
7681561
7681560
8459075
8457402
8457387
8456761
7681192
7681188
7681187
7681171
7681170
8452431
8450157
7680463
7680457
7680449
8445925
8444109
8443901
8438742
8438594
8430397
8427183
8420240
8420238
8417050
10147006
1297288
1297142
1288943
1287834
1287422
1481538
1462921
1461982
1457861
1457860
1454663
1449454
1449453
1449288
1442574
1279616
1279608
1279533
1279531
1279310
1309182
1429940
1428281
1426779
1421545
1417248
1417183
1417180
1414899
1383988
1383965
1383954
1395205
1394928
1394927
1389748
10171188
1382385
1382277
1519187
1510010
1642344
1638716
1638705
1632393
1378594
1626736
1626494
1623658
1615832
1352080
1615793
1615731
1614936
1376898
1376894
1376802
1596160
1596159
1594844
1591847
1375375
1375372
1587019
1586494
1374878
1582856
1575307
1564234
1555299
1555274
1554977
1372727
1551722
1550027
1550008
1550002
1545075
1545074
1537999
1738882
1371002
1370989
1735155
1732373
1728931
1728510
1728496
1728450
10150933
10160988
10171169
1792807
1763917
1721201
1721199
1721198
1721197
1721193
1721192
1721191
1721190
1721187
1721186
1721147
1960992
1957143
1952491
1951123
1951000
1950023
1949755
1719507
1719506
1934438
1927851
1921506
1918713
1894867
1889792
1883126
1715551
1715549
1715546
1880899
1877448
1861573
1858656
1712959
1712951
2063767
2050917
2042687
2042568
2033192
2033191
2019204
2011982
2010798
1706856
1706850
1706845
1706844
1706841
1706840
1706838
1706837
1706836
1706835
1706833
1994663
1993791
1991899
2091555
2248181
2245503
2123131
1700391
1700384
2121811
2212370
2389707
2387940
2386116
1695752
2373816
2372924
2195882
2367517
2364533
2363760
2188891
2339921
2158864
2321829
2180229
1690405
2303634
2297279
11527120
2612809
2481290
2596414
2478973
2478970
2808992
2802898
2476775
2476763
2774721
2773768
2670384
2754136
2741829
2729924
2724998
2722534
2712211
2705827
2784806
2703616
2926043
2466270
2920305
2464813
2913731
2911667
2909559
2979998
2465436
2463589
2463588
2463587
2463581
2462244
2462223
3262325
3137004
3386288
3382280
3381756
3376474
3367002
3366999
2452422
3354412
3337605
3442769
2447668
3679858
3678254
3673907
3662277
3630945
3621948
3604373
3598010
3584723
2881092
3819207
2432562
2432561
2432560
2432511
2429273
3741011
3958352
3954276
3938257
4019933
3894475
3158966
3966329
3965173
6209686
6209684
6209681
6209680
6204311
6869271
6846971
995068
22075276
21982313
21850392
21773744
21977289
21615813
21917670
21769565
21646229
21962425
21941203
21699842
21041691
22041947
21624895
20957518
21784745
21752828
21669960
21947985
21826541
21822648
21773789
21862732
21878667
21920534
21873337
21872879
21784746
21784742
21712284
21362703
21917663
21873440
21914500
22007037
20335787
21906250
21441824
21912912
21849269
21624302
19781151
21997988
21819432
21671951
21615759
21605131
21535031
21992157
21887690
21607774
21416191
21459446
21878046
21874417
21872148
21457792
21757820
21206373
21642369
21616945
21515591
21542704
21771823
21626403
21835379
20964752
21332865
21453341
21438897
21438895
21410730
21700757
21486911
21345922
21798471
21340515
21905310
21457791
21365264
21327491
21424741
21769783
21756013
21609974
21678454
20337635
21438896
21418240
21410723
20226551
21315841
21075773
21703529
21328042
21454336
21691561
21444367
21289040
21468247
21463345
21410721
21359070
21331383
21775242
21270972
21197424
21315846
21160914
21063936
20842565
20842563
20811610
20552062
20552059
19846034
19846033
19325900
18711609
18335022
17235369
21464053
19896732
21109213
21138937
21139094
19146686
19898658
19165362
18789158
19804341
19804319
19072448
19026180
18452627
18366175
18379659
18325306
18651506
17880674
17957270
17905386
17684575
17538699
17378978
19057058
19529803
17670518
17149905
17031416
16943967
16943965
16943899
16943890
16725036
19804098
16548668
16283974
16138955
16943981
16943911
12169230
16037862
19495677
19495673
19484523
19484520
15227507
9411221
9184572
9068527
9054726
10514969
11010690
11503683
12079822
15529117
15314827
11839888
14638522
15471149
12717095
15313946
11514374
9254126
11201634
12769005
10830630
12527676
9990622
9711105
10879375
11954951
9023449
11496849
14618060
12687880
15350229
12228779
15028076
12918543
10721445
15172650
11559679
9093040
9558701
10089835
10616988
12470390
9121996
10047618
11271950
9935019
10588219
11385390
9866807
11838353
14984660
10461312
11942588
9156350
9892766
10615414
11457467
12570949
9304172
15059941
15457302
9809771
10366178
12673176
14739738
9830774
9830773
9674301
12186264
15185918
9199946
9604964
12555172
12766511
10590503
12380937
9744454
11190454
9869995
11738292
9502643
10933373
10933372
10234716
9670177
15071272
12715838
9164881
9482432
9744432
14610386
12574891
15465574
15136870
12877705
15234415
15485441
12930505
9335398
9068912
10515552
15381640
15487277
14608747
11513449
12021226
10461286
11899573
15245344
11388104
11817814
9622114
9990604
15333096
9441158
12876612
9533375
10893890
15159713
11451829
9371853
9492965
10086963
12356406
14663616
10387143
11440487
11893983
12613144
12766524
10089844
11292276
11139974
9049512
10089846
10590496
12975406
10078082
12670643
14697729
15286938
9324782
15276111
9869975
9990633
14622654
10763353
9869528
15271009
15140537
15242198
12030520
12677713
9874078
9781795
9973012
11449597
11314807
12418430
12380773
12007691
11790938
12687869
12687868
15159037
9470875
9930047
10409528
10197661
8952825
14587131
9894663
9064987
12164443
15121078
12585952
9502644
10881820
9580363
10484860
9973859
10666753
12969610
12710323
15358027
15222238
15271005
8994943
11252048
11673344
11816631
15152059
12457308
10642130
10427349
15454175
9083883
9554731
9490240
10443304
11678385
12798578
9542573
9304171
11852017
11963203
15139319
15137521
9324876
10637090
8966404
15475810
8999420
12826637
15132402
12444565
15018876
10824732
9249833
12804331
10490482
11781948
15030417
9990624
11714646
11990662
10601507
10874061
12417544
15071270
14574032
12049372
15363082
15077071
14574021
15077074
11341082
14579215
10177104
9559251
9917122
11084102
10590497
11790931
15030435
15009880
10089843
10590487
11843459
10525248
10590490
12154814
8950061
10466485
10833712
12710322
14622676
14988628
9740558
15131532
15450279
10546134
14720165
9773313
15336842
9212211
11524397
14602217
11888025
10557410
14998224
8994957
11307782
11465966
15193698
15127695
11332575
11153816
12505581
12928737
12633638
15475991
11033588
10353132
11559681
12837706
11852890
12783075
9744428
11786150
9919829
15071271
12154815
12612396
12438826
9857742
11454851
9717916
11102258
11064304
10887273
9309744
12040343
15464692
11831099
10385776
12215734
10980853
12087143
12741703
9657473
14510650
11265736
11520449
14638546
11225938
9309755
9584306
11141208
11097134
11502713
9354222
9857871
11271946
9691699
9227756
12894672
14609607
9164882
11232632
12228772
15363070
9817491
9024750
10993860
12435180
11950444
9440603
10192861
12146141
15505261
9990621
9338844
9713736
9661538
9834860
11291330
11139964
10987597
10952492
12147539
14528186
10695456
9685102
9272530
15189548
14555579
11084101
10993020
11846499
15018875
10089859
15538065
15124490
12732820
9392813
15346692
15185463
11918101
12418736
11196552
11083239
11500586
14602883
11838346
14596664
15102590
12819998
9264422
11139095
12151477
15377139
14720154
9894382
12950525
15505263
10595956
12625608
15250866
11554535
15136779
14994779
14749910
9930918
14583898
14522574
9315960
10431681
9531698
10068856
11025892
11250956
11585997
12973163
11558846
10413381
10789087
10695472
12634885
12212690
12191751
11581083
12000634
11388106
12891163
15030281
11139918
11685168
15219115
11738293
9249827
15175069
9382018
9654223
10962750
12570948
12685143
10334430
11273061
11177676
12671340
15500415
10763358
12548001
9990628
10711489
12909067
12729852
10551707
9786075
9869961
15333076
14697485
14688630
10430766
12687802
12875416
12766517
11699538
12670642
9732904
15273456
9591912
11319196
11571253
12177635
12875415
12639076
10859993
12867304
15114391
11287978
10490480
12615273
9036472
10089833
11084100
12727158
12687844
9064205
10461288
10642138
11817806
14720148
12383390
9455759
10441090
10213339
12171831
8959831
10552185
15009852
8945055
14583353
12025377
10833710
12357261
12527665
9507547
11822504
9382019
10740153
9315584
10980833
10760339
11203287
11406223
9091530
10461294
10089836
11716909
11401131
11124720
15028077
9507535
10461295
10868745
15014210
9399730
9183044
9121989
9857458
9781794
9990635
11740630
12444379
12375806
12811417
12633818
9164884
11601840
12914622
12679764
9510493
11690659
14559089
11084118
15093889
12091510
12687804
11454850
9558686
10893389
15306090
11282053
12042012
12759716
10712973
9519306
11202255
12380926
12687801
11227718
10966237
9458428
9121985
10461287
11202242
14643268
12042632
10595975
11846535
9284039
11957167
12427419
12033343
12776866
12571692
9008454
9291444
12685150
15078395
15009863
9604244
10072224
10709706
11449585
12033344
15175060
9793098
11292270
15237689
9392826
14994181
8890827
9359543
9202352
9121991
10027120
9990626
11139972
10849879
12475098
15071249
12687873
12496495
9070573
9684715
10386504
10353148
11728274
11060819
11691549
11296190
9114763
14670270
10572781
10470629
14975574
11258111
9826851
11273054
11225941
11341077
11291811
12164450
12914630
12710331
12652181
11786153
10803438
11227599
8985811
9727696
12407860
11151769
8945062
9825383
9741521
9584303
9485146
9990632
11194604
11139962
12574892
11869841
15071276
14623812
12687856
15167963
12835222
10515557
15030418
11303703
11334827
15071273
11083241
11707046
12520671
12397544
12132286
9227765
9768732
9558698
11603071
14678142
10980834
12001877
15519026
8976930
15475809
12877699
15077080
12930253
9475962
11843487
9121993
15368810
15464332
11292937
8910958
12757998
10879390
11263614
9127393
10898427
14723671
15261685
14579051
12505227
10434515
9875082
11900289
11467456
11227975
11475818
12137338
9064989
9354413
11560308
12914640
12766520
15009877
14506114
9565714
12228778
11151773
9209961
9121973
10089869
9990641
9633062
12419553
12845245
10894036
14608758
10392390
9749280
10867101
15145111
15274853
8901705
15284942
9121977
14987790
12957436
10210292
9746963
9291449
9080864
9507542
10089845
11045408
10666749
15295725
11349745
11388103
15271019
10834173
11410185
12228775
15071279
15152058
11991364
9717045
8945053
9221302
9869525
10362190
10568661
12867114
12600904
10833706
12228776
9988003
11245056
11794197
12687857
15197426
12167188
15225105
10380366
9377921
9869996
11139950
11699520
11499724
11270697
11258106
15028047
12001878
9170131
14550507
12902075
14618064
15110224
14716618
9558699
12950515
9542881
9644961
10918109
10550944
15383781
9230158
9778322
11103061
12845244
12613358
9684716
9309736
9690112
10810804
10590507
10750134
15152060
11802505
11079671
14516879
14574028
14574027
10422522
10709412
14579052
12408262
14753636
15533107
12164448
12039494
9753848
14560359
9558680
9142005
10475879
11227956
14584425
10234721
15233380
11099982
10456647
11081315
9058871
12804734
10969753
11141204
10872697
10867999
11584454
12494613
15511244
9193014
12365869
12678202
10217470
11523604
15139318
9894662
12975572
11078253
8914872
9285657
15084214
9052360
11728363
10089848
12741072
14675006
15483767
12204456
9725161
10654388
10810786
12848816
12451792
10525247
10362200
12397228
11077687
11028168
10793433
11341083
12798581
14764174
12815563
9024735
15037524
11046191
9539470
11149268
10924302
11475820
15271011
11828921
10070230
12842240
14697724
14656256
10868496
11494881
12698674
11838335
9417235
12966835
15446455
10590504
9153042
15071278
9786081
9160224
9116964
11465325
9894650
10456626
10413370
10402110
12164444
11869843
10874896
12062144
14764176
15119692
12106629
9633077
14530531
9792582
11319197
9238453
12651989
9709875
11194594
8994946
9633064
10918649
10637203
12356633
15193696
9354410
9988009
9043835
11754794
10917072
9121994
14574029
15172648
10546132
9121986
9864606
10394254
9455747
9749190
9725169
10426338
11099989
11788207
12950514
12555623
12742300
12357264
15009854
8889875
12711580
9749282
12198052
10069277
11505347
11957166
10894910
10894908
12875414
11402945
11402944
12088789
11955841
9127402
12741076
9749182
8892772
14697723
15461727
9121981
10925571
10749350
14729810
9503189
11521333
9869950
9014991
10235091
10073833
12475100
12625616
10190419
11744787
9602658
12575357
11053707
11838349
9744438
10063965
11699514
10793452
11139906
11139976
9121983
11139973
9064955
10590509
12966829
14720168
15186504
11274950
9990629
12950529
10830085
14666055
9644958
8880811
14675004
12520666
12766513
15078394
12108576
11914266
10914375
15085863
9604241
10413377
12755096
12440601
10636189
9778069
10392388
10831961
11342757
12939215
15051642
9121990
11839890
9034640
10192856
11139977
10666758
12471798
10725289
15022530
12687870
11817822
8880809
9309743
10090231
11102243
11060579
10666426
11886323
14607462
15120835
15274858
9083873
11139963
9244218
12598075
11446960
11412758
11949736
12227712
11499723
9399732
14559133
10213350
14996477
12767424
8994947
9392808
9309738
11400406
11915979
11375448
9455753
9257080
11016496
12424150
12766519
12766522
12238419
11786946
12228777
15494771
9793079
12230638
11994259
15297272
11024405
10234712
10192852
9990637
9990620
15063420
12114843
9793085
10980852
11177668
12891205
9221303
9827469
11084104
11988204
11589841
12679204
12418297
10761808
9121984
9870021
10642134
14728040
11828932
11816147
12909376
9173702
9576160
9531697
12748217
12627348
12924831
12127366
11518112
10461289
11583907
15224018
9363811
9358476
12766510
14762358
9725170
11997413
11858153
14597942
12890040
12800472
12727002
15302809
14760315
9132079
11955850
12849664
10520794
11499726
12033350
15175062
14675012
15305961
15255208
15125713
12559549
15189543
9033328
15383779
10072222
12957435
10440145
15133357
12078787
10027122
12766518
11754807
12715854
9235604
10089840
11265713
8960472
9291447
9080858
10758042
11524060
12167176
11907286
15071269
14510649
12950528
12559932
15276094
10676690
11139975
9737653
9029905
12911044
14660999
11421835
9793086
12622441
9121988
9174290
9291448
9371860
10590495
11334821
14574031
10080440
9036037
10546124
11790928
9727666
10676597
10666663
15218389
9355899
11565210
12010943
9835203
10953269
10833715
10527011
10783212
12815308
9416897
9388103
9990601
10807451
9070572
9386142
11127465
9392820
12108490
9869951
10642125
12627242
10467652
10089837
10993001
8946458
9236444
12766741
15014215
15353425
10833700
11922650
11258108
11915980
14516332
9264163
9180060
9080863
9052351
10027124
9670176
12431320
11977995
11266198
9290402
11829703
9485153
15009867
10887279
14601159
9442981
10953264
11305989
12398828
9011681
9358808
11155420
10456625
10832150
10832149
12633640
12358182
12235954
10834174
10846385
14975557
9856922
9973863
10422460
10221046
11232613
9352990
9554728
9990623
12418738
10080502
12820824
9558696
14688631
11790927
8966505
9558691
9474691
12743007
11138294
12687871
8992917
12228780
8904549
15189534
9054755
9781970
10400012
10369848
11138298
11221589
15305957
11305976
11332566
9060893
12729853
15089990
14578600
15505267
11997415
10065282
15364825
9213094
11233951
9764063
15377146
10024069
11934128
11220454
11124721
14966064
12030521
15385696
11140281
12693068
9856931
10360211
11993579
10677412
10659655
11423052
14516331
10615837
10206376
9717043
11233952
10027123
10482154
11227973
11253626
12842649
8989132
15151661
11869178
8910156
10225249
11761412
10949710
10466484
9935004
12000047
11558840
12108497
15296891
9869974
11048528
9990636
12687872
15303593
15262671
9622996
9358664
9537220
10571373
10529322
10914372
9865087
9587212
9562010
12478833
11333050
10821817
12917048
11084098
12439369
12776013
15007016
11090794
15519267
9866892
11084117
15320809
15271020
12504647
9436560
15018874
12766525
12208219
9990631
14530023
12830072
11589840
15451756
15271006
11208684
12667566
10896549
11727276
12147959
12169241
15096960
9382004
11988198
14508148
10468091
11583896
12380918
12212695
14618062
15028046
15464343
11393498
10089851
10819703
10363484
11347006
12490994
10603767
9737652
10687670
14980051
14631538
12883843
9737650
12707787
12822746
12392866
14557341
10665325
12208228
15071251
14739755
15204752
12474612
11796559
12877701
12659987
14966063
9270512
10952956
10490479
10354977
10995416
10962752
10729841
11752919
12652180
10402438
15277324
15145110
12494618
12504645
11413727
9715859
9272518
9670181
12854265
10440878
15009861
15080574
9366765
9822102
11843481
14675014
11826832
12088790
14516333
12681418
14697482
11258115
11843479
11078271
14510657
9354414
9869968
9869956
12438286
14574037
15049332
12559527
15066946
14975534
15262610
11712877
11489042
11343007
11568051
9826861
11584456
14500332
9118544
10590491
14728022
11514472
14574036
9005162
14768491
12613359
10936003
12417845
12766501
10089853
12397566
12140809
12952826
9875130
9058867
10353140
10086978
9443433
10089868
10807477
9064978
10336912
9121975
10089850
12039497
11238297
10089858
14602335
8922920
11098560
11401129
10962742
11687986
11386511
10833698
15189530
15121409
14680335
11060866
10648491
15450278
9988012
9782596
11225942
11752918
11467457
9121957
9460456
14508595
10506392
10729843
9537218
12103261
10025071
12685615
10410293
14510624
9761084
9727687
10506394
14727967
11843458
12766509
14584417
15501207
11915985
12950541
12539813
12686349
15306088
12015479
14720161
12473260
14678127
12231100
15475819
9227771
15364330
12033342
11581139
15514342
12765117
12815309
14618094
12707793
14631135
9473845
9160225
14764173
12685138
10579736
15271018
15189526
12187629
9315585
9121987
9990634
9354407
9537217
10090235
10568654
12215733
10568668
11249889
15175058
11328052
11565493
9474647
14680727
12270862
11838352
9005417
11220564
11720616
12028602
11120713
15133368
9581740
9973013
12201792
10987052
9558679
9787738
9597238
12154817
11138302
12587939
14764167
9855792
10459474
10407542
11816634
9118545
12765446
10704176
12154326
12106941
9358520
11843474
15294263
11573709
15364329
10089857
14689121
12545308
12435187
15165940
15121066
9238399
9392803
9395175
9293402
9243081
9711935
11790264
12566358
9744442
11233190
11320371
12116546
12560651
10413834
10826930
11811044
9455764
11459342
9315542
9286952
9475576
15234413
11078252
10849877
9708486
11839889
11060575
12070560
11046188
15306089
11332558
11227971
12520672
15461721
15475813
12810611
8994950
9386143
9118518
9581950
10694527
12033351
12030523
11790930
9932202
14968147
12193093
15295814
9474692
12515106
12197599
8953401
10887275
11602076
11789138
9714591
12101794
11816628
15031233
15066948
14650816
11119463
12397558
12137348
9663319
8975851
11467458
12633637
11720621
12852286
9988021
10382706
10914379
10807443
10590508
11826698
12856564
12698843
9786072
11051535
9358501
11926875
12741301
9404252
9391285
9324627
9127392
9870013
10089834
11261337
12369212
14508146
9988001
8945050
10833704
9579816
14622308
10517652
10362202
10086968
9990640
11053721
11341084
12049373
10482167
11333169
9309754
9990625
15078402
11766840
11138297
15063407
15470648
9385881
9990627
15151033
10659653
8909915
9542882
10948772
11980370
9530541
9468072
11249888
15231370
14574030
10490481
14671564
15204751
14678129
9235802
9827462
10810803
15543921
9608798
15282066
14521674
11060576
11435809
15312871
12494614
12687867
12414043
10353127
10636202
11755295
9291443
15182026
15145118
11225801
10665335
10750138
15075732
14716632
11593633
11483451
9534048
12674178
10493065
11759919
15014220
11716240
11502705
15084363
9064943
10090217
12401582
14574041
9870022
12015242
10461301
12414044
15249514
12596674
10535048
11523610
12685142
11981703
15156219
11046317
15063419
11028466
14993132
10756473
15007002
9555788
10441813
11258109
15486380
14618061
12955408
15089991
9291446
10423669
11157689
12495391
11391688
12917051
10810799
9527212
9845149
11084103
11270713
11841151
9448678
9744445
10027121
9505952
11258110
12877702
15145875
10198736
11166524
12007548
11704386
11500581
9209966
10969754
12397540
11780428
12764696
11139912
12771115
11449595
12114858
14716600
12741701
15502509
15294264
10810781
11764238
11524403
12380930
9626850
11573698
9474693
9990630
10090233
11245637
10210500
10568662
11332567
14686450

