22285508
22237430
22227784
22182853
22104060
22098472
22083038
22074195
22051215
21954945
21918461
21911724
21892016
21878829
21859439
21750958
21723440
21713084
21681796
21671687
21665072
21592368
21559500
21510794
21489725
21472093
21464671
21458405
21456948
21442146
21440858
21436664
21422902
21393383
21317503
21306215
21255200
21235492
21235023
21225419
21110249
21080182
21045709
20883354
20864648
20826714
20709240
20702056
20625008
20591097
20573285
20510967
20482506
20407981
20390781
20375848
20345400
20332222
20202105
20194712
20187957
20185019
20159873
20151847
20122781
20101672
20099945
20098228
20057901
20041493
19888048
19886974
19836701
19834895
19833993
19769432
19690509
19646308
19630744
19540477
19526405
19515291
19489710
19423069
19413785
19410955
19406308
19322122
19320359
19298324
19290690
19172118
19166825
19125379
19125129
19085109
19072452
19000979
18978116
18954706
18824832
18789386
18723146
18718931
18712017
18635169
18593803
18588740
18571597
18521690
18519926
18504261
18481404
18384586
18380645
18342162
18331271
18271790
18197068
18093204
18070818
17990029
17978998
17976764
17880343
17956963
17943833
17943787
17854252
17684107
17665984
17659637
17633594
17618742
17600652
17589194
17414242
17342568
17326748
17287389
