21272181
21704222
21704219
21856492
21664735
21693370
21693369
21875510
21867834
21867833
21867832
21684513
21640321
21678296
21153928
21215224
21176632
21835302
21839896
21851882
21851881
21851875
21673018
21665983
21566242
21511994
21788588
21660928
21628935
21357701
21227951
21111983
21398652
21894795
19892419
21414641
21487093
21757127
21091965
21087331
20958833
21798421
21332561
21208244
21208242
21550579
21545993
21529742
21419423
21615324
21569499
21195483
21343901
21602574
21562056
21856486
21856462
21550578
21737019
21682864
21185402
21718271
21838181
21571497
21673019
21493964
21430127
21406685
20591841
21682151
20214693
21547632
20632952
20632950
21700089
21529736
21641344
21658563
21658562
21208240
21208230
21208226
21091745
21606398
21636035
21515596
21454333
21252192
21156679
21436363
21036067
21424407
21518749
21518745
21451795
20502898
21616285
21296778
21296776
21252191
21227955
21186232
21123220
21084359
21210096
21482417
21685842
20636421
21494516
21487343
21453027
21220047
21147261
21208225
21091740
21077915
21576653
21439500
21439497
21439496
21439495
20922266
21315501
20971745
20846992
19639380
21691376
21377260
20829236
21555709
21304098
21304093
21070886
21601769
21514785
21507601
21489747
20846739
21626805
21548414
21350054
21440870
21402343
21148342
21420060
21097819
21591571
21516670
21159015
20958831
20946226
21041579
21029827
21033332
20931822
20859894
20809436
20390330
20233272
20132378
20456650
20230459
20370851
20198505
20198504
20219197
20675999
20132493
20423732
20380893
20404852
21296772
21208947
21131650
21075757
21045012
21181107
21593958
21593957
21593950
21358612
20861134
20544310
21325209
21285394
21270104
21270103
21138446
21039640
21029128
20946279
20942819
20561226
21085943
21381913
21093299
21145428
21129501
21044897
21034853
20950714
20933608
20887806
20417726
20211275
20197117
20176137
20167290
20167289
20156592
21395519
20561848
19474508
21172950
20184977
17587742
21638938
21476381
21044981
21041071
21459274
21279542
21265961
21474896
21357826
21282316
21181096
21290024
21091330
20926939
20364319
20662865
20662872
20386441
20500739
21513134
21488395
21403098
21123197
21451284
21285662
21251142
21251138
20960185
20887811
19996708
21361048
21144407
21553612
21476475
20731739
20806105
21129794
21416844
21416749
21416825
21104261
21104260
21413493
20658455
21232699
19952404
21070132
20883977
21252195
20965881
21194047
19933693
21075683
20865340
21086086
21039641
20946310
20946300
20727093
20663070
21029126
20946285
20636312
20345626
21242478
21135811
21135807
20941533
21271544
21271542
21200165
21325215
21325212
21193539
21156772
21076160
21256289
21097482
20876272
20852288
21321467
21184559
20598762
20541819
20537418
20833266
20816872
20685401
20650333
20650332
20620234
20558324
20493963
21233695
21079640
20870684
21149513
21149512
20880954
20833692
21183717
21282697
19193458
20129288
20129286
19939743
21096077
20719333
20655057
21109043
20975234
20522155
20455985
21272746
20550605
21251591
21092049
21257009
20487355
20487354
20456641
20848073
21150125
21127381
20378375
20836602
20858859
20852296
20865309
20487113
20384655
20433682
19344968
20700599
20974768
20974767
20810533
20798118
20639206
20543197
20735715
20727095
20723092
20723082
20663074
20620231
20570753
20869643
20063296
21243865
19395099
19232761
20579305
20546147
20956170
20714135
21121520
19959121
19959119
20881418
20817721
20719779
20663783
21135359
21094368
21094367
21094356
20577792
20461546
20543707
20461544
21098452
20854304
20608989
21125973
21050975
20650939
20621894
20584740
20566480
20562112
20558461
20525728
20525727
20478928
20348142
20465488
20505523
20515632
20586900
20852059
19523709
20493965
20470904
20382269
19725912
20543199
21043183
20971231
20716717
20657030
20921437
20937985
20876433
20920655
20837891
20862817
20823389
20842818
20647479
20634483
20688032
20738045
20730717
20723652
20723646
20562442
20558847
20511537
20812394
20687375
20679471
20677576
20666271
20663787
20663786
20615921
20507853
20501470
20400768
20477907
20132397
20132389
20132377
20102431
20647480
20641117
20549778
20633844
20634650
20626225
20180917
20149121
20132504
20059719
20059714
20347337
20599170
20599006
20598982
20463331
20586567
20585923
20102427
20082653
20583883
20395032
20578593
20575185
19642054
20478929
20356911
20558904
20552318
20521150
20505945
20505943
20551736
20548804
20015127
20544617
20538172
20538141
20538129
19925609
20524717
20515854
20515305
20516472
20514634
20513063
20509178
20509177
19886873
20231152
20190261
20497676
20064639
20491010
19845815
19912442
19804551
19804546
19682166
19804544
19804540
20488310
20486489
20473185
20197559
20176716
20481204
20439783
20466342
20462340
20462338
20059711
20051021
20025706
19954503
19954500
19793360
19793359
20059710
20025698
19889186
19796352
20025697
20002886
19930108
19889190
19889182
19804488
19821939
19793372
20445710
20440045
20437862
20219754
20207746
20200019
20200017
20190262
20185488
20185482
20047927
20413029
20413027
20412471
20407104
20197542
20368526
20368521
20403488
20403487
20399979
20180007
20111895
20386173
20386009
20386008
20381669
20376643
19874436
20362726
20362723
20359594
20335575
20357388
20350700
20350699
20350987
19884110
20142817
20339977
20338987
20034975
20332716
19694797
20329578
20309672
20224933
20198377
20178869
20199887
19937100
20197509
20226978
20223421
20222296
20127419
20087760
20196967
20191699
20190470
20186985
20043344
20043331
20186244
20185040
20185039
20185038
20185109
20185000
20170817
20170816
20170796
20139118
20106799
20056593
20047925
19946113
20170847
20170846
20160685
20152562
20152248
20152222
20146784
20145061
20145349
20142021
20100972
20136605
19966176
20133530
20022820
19800818
20083678
20118395
19829134
20108444
20103204
20102957
20102952
20102900
20102898
20102873
20044517
20048212
20019410
19760052
19262366
20095072
20089749
19966323
19915182
19903671
20009044
19920028
19692274
20008492
19910314
19861383
19940767
19770774
19846629
19879531
19383957
20929037
20722313
20559995
20559979
19602024
19821941
19793373
19793366
19769582
19765233
19744270
20443892
20222352
20191986
20137535
20030843
20101834
19757003
19941146
20091254
20091253
20091252
20091251
20091250
19774329
20040100
20089485
20089482
20069082
20058518
20058513
20038409
20014210
20031808
20028193
20026531
20019454
20017839
19799756
19783791
19656249
20009400
20010364
19729348
19695965
18703244
19964772
19963792
19962483
19960844
19954322
19952471
19904594
19880280
19816874
19838004
19938409
19643701
19933771
19880854
19858160
19819879
19929037
19932795
19926004
19926003
19816987
19833318
19911495
19843157
19899497
19899496
19800192
19892058
19647469
19879533
19880407
19880405
19812050
19797255
19797252
19684037
19666895
19666640
19661116
19712076
19853730
19853688
19849757
19845214
19843900
19843923
19843916
19843914
19843913
19840572
19622106
19563366
19298566
19817254
19812407
19812399
19808355
19808340
19808591
19808497
19808478
19808467
19808459
19808457
19808441
19805661
19299201
19766519
19801037
19691679
19796344
19723701
19796289
19797146
19758980
19684038
19791462
19784895
19784881
19784818
19782919
17976770
19662346
19515689
19753522
19752408
19742432
19563354
19724038
19724037
19724036
19723462
19719488
19617418
19716084
19716083
19695966
19711737
19711287
19709493
19707100
19578174
19708226
19604708
19699347
19699872
19695452
19639392
19472350
19175449
19664399
19668781
19667308
19666438
19659629
19659621
19659620
19659616
19660690
19658288
19653182
19650001
19148716
19629408
19643357
19643318
19643315
19641084
19635816
19556251
19549676
19542539
19525498
19597055
19525382
19365657
19632584
19632625
19632624
19539542
19627288
19620521
19581496
19619702
19619699
19619698
19617719
19567655
19602160
19460075
19298563
19207785
19593945
19590588
19589438
19589435
19589112
19353679
19263205
19406840
19576333
19538734
19572875
19572868
19572863
19572793
19436283
19571449
19493865
19465437
19366711
19336430
19560703
19497790
19559206
18625527
19545350
19545340
19545339
19545338
19447808
19411677
16188588
16142600
17226087
15964087
16473784
16442402
16836711
15721116
15660350
16956448
16333590
16333582
15659722
16868269
17001224
16255753
16790203
19356481
16784428
15828884
16998927
16255754
15816318
16492298
17452161
16412877
15944089
16552314
16344952
15992726
15668348
16923425
15913226
15875511
17169133
12184312
12132492
11547738
8880800
8880032
8877267
8877266
8867295
8867293
8865219
8865211
8856460
8837829
8837824
8836741
8834690
8834689
8834682
8831415
8831398
8823837
8823833
8823832
8823825
8822992
8822991
8820850
8820849
8820848
8820843
8820842
8820839
8820838
8820837
8820836
8820835
8820833
8820832
8820830
8820829
8806339
8800117
8800031
8780329
8780328
8774827
8774826
8752193
8737108
8737107
8755696
8743763
8743754
8734176
8734172
8734171
8734163
8734161
8712141
8759826
8759811
8759810
8691557
8734748
8734745
8724551
8734062
8701887
8712129
8697493
8763003
8685524
8685518
8752804
8674173
8848389
8678851
8680645
8777478
8712805
8674097
8711945
8711943
8664527
8664528
8646991
8638339
8701105
8685557
8682425
8639016
8634168
8641005
8679728
8624866
8624874
8644590
8638026
8638025
8638024
8641864
8636567
8848382
8848378
8848380
8647577
8629596
8651115
8614824
8650984
8650983
8623740
8608460
8607391
8607388
8606211
8604648
8610607
8579018
8579017
8565170
8557917
8548902
8554020
8616948
8789527
8771138
8771135
8771129
8771124
8720208
8745998
8729300
8729298
8582386
8582374
8552521
8552520
8552518
8552514
8552512
8553030
8548114
8573800
8552899
8539157
8640855
8640850
8529236
8532940
8526712
7497758
7488456
8557286
7502564
7491309
7491302
7586314
7591795
7487260
7588195
7586279
7484734
7594078
10155366
7571642
7571641
7502496
7489045
10155232
8535557
7564939
7567594
7567589
7567587
7572586
7479182
7479175
7487317
7575068
7582993
7677511
7677081
7671888
7664450
7661068
7661067
7659551
7653084
7648666
7648661
7642873
7642019
7639162
7635400
7631616
7631607
7625101
7618621
7618539
7614508
7611127
7609549
7606615
7598287
7596862
7596854
7596852
7596848
7797749
7796435
7790012
7788918
7787915
7785302
7785299
7780630
7778545
7777427
7777424
7777420
7777418
7776670
7770359
7762501
7762500
7759708
7758182
7752644
7750434
7744094
7743623
7743010
7743005
7739260
7733703
7733701
7732999
7732715
7731873
7730460
7724406
7724405
7724404
7724403
7724402
7724400
7724399
7724394
7724393
7724392
7724391
7724389
7724387
7724386
7724385
7711358
7700834
7700828
7700823
7697850
7697837
7696026
7695418
7897139
7895372
7895358
7894553
7889798
7888268
7888255
7887756
7887734
7885681
7884095
7877320
7871179
7863991
7863713
7850964
7845299
7834971
7832147
7832134
7832098
7832097
7832096
7829798
7817923
7817915
7810488
7805249
9454293
9218064
10155085
10155197
10155194
10155192
7659885
7646236
7786128
7786121
7775543
7775521
7771909
7771908
7771879
7771164
7713106
7697209
7697208
7695926
7885938
7885934
7885933
7885931
7883135
7883129
7532762
7869331
7846952
7845838
7838794
7838782
7838778
7838777
7827716
7827711
7825329
8001901
8001900
8001899
8001897
7994828
7993032
7991926
7991424
7991419
7991415
7527231
7979724
7979681
7979662
7977119
7977099
7977098
7977038
7526349
7971399
7963117
7960857
7944810
7944809
7942526
7942492
7942480
7942452
7939521
7939510
7937686
7937238
7937232
7937230
7937228
7930285
7927403
7927400
7923667
8090289
8088468
8086333
8077068
8076728
7521233
8072882
8067826
8053246
8053245
8044958
7913885
8037084
7518593
8034878
8034876
8026004
8023541
7517528
8017749
8017288
7516555
7516552
8209089
8205712
8205656
8199363
7515218
8198033
8195509
8195508
8192886
8184166
8181173
7513886
7513879
7513878
7513876
7513854
8176092
8174587
8174574
7513415
7513414
7513411
7513406
8170186
8167775
8167288
8166066
7909402
8162532
8162531
8160709
8160604
8160602
8160600
8160599
8160597
7909188
8160596
8160595
8160594
8160590
8160588
8160585
8160584
8160583
8160582
8160581
8160578
8160573
8147646
8147300
8143220
8139991
8134587
8130031
8127103
8124795
8296753
8283195
8281649
8281648
8277070
8273759
10146522
8038001
8020042
8010856
8010844
8010843
8189144
8174872
8154157
8134696
8113078
8311398
7508601
8298322
8295602
8288452
8288450
8274061
8273630
8269662
8269297
8269293
8269209
8268630
8268349
8267502
8258023
8256707
8256706
8256701
8252708
8252677
8252675
8249839
8246536
8245336
8237823
8237822
8237804
8234776
8234775
8234773
7694241
8227799
8223749
8223748
8223747
8215700
8213548
8212779
8212778
8211927
8415326
8409053
8409046
8404088
8379287
7690947
7690937
7690935
8375874
8372750
8367609
7689203
7689198
8102625
8354808
8353870
8353864
8347014
8346730
8342508
8336663
8335831
8329797
7686649
8517386
7685898
7685888
7685883
8514898
8509811
8504502
8504500
8099317
8498304
8497770
8496545
8496531
7683896
7683793
8475870
8475651
8473649
8472715
8472712
8466344
8466342
8465572
8465564
7681960
7681959
7681958
7681957
7681956
7681955
7681954
7681951
8462144
8462136
7681579
7681575
7681573
7681571
7681569
7681568
7681567
7681566
