22390765
22313396
22277327
22266869
22260379
22258307
22234063
22205265
22179964
22120760
22081073
22057999
22032835
22011187
22007567
22000498
21996985
21989347
21976716
21966251
21955925
21952824
21952639
21909133
21858416
21842249
21791629
21785461
21770737
21755560
21747195
21747090
21725850
21708280
21672615
21666438
21655990
21644238
21642294
21623489
21619694
21617705
21613783
21604156
21603366
21593194
21576630
21565629
21554949
21547778
21533266
21514219
21448430
21448428
21448172
21404058
21376265
21353125
21322779
21289332
21283750
21242830
21169741
21148320
21140221
21135113
21125671
21124037
21086489
21063399
21036886
20962085
20886596
20861852
20842446
20831699
20827430
20809427
20730711
20686774
20668938
20630574
20621981
20615891
20587061
20557419
20552298
20540791
20538484
20503107
20496166
20483025
20465648
20461443
20457958
20389250
20363586
20211834
20200425
20184550
20175778
20160487
20142599
20142252
20139762
20089604
20088814
20082880
20052733
19934423
19904973
19882260
19856044
19724851
19682377
19672706
19657731
19629678
19625214
19623649
19609742
19608020
19597387
19578761
19563905
19562338
19551812
19536170
19513073
19506726
19499352
19479602
19442563
19357867
19335785
19306746
19301151
19289668
19283793
19214578
19178978
19155123
19155088
19116388
20975920
20306253
19023234
18987168
18938071
18936392
18823584
18820127
18816624
18787404
18715757
18648687
18605998
18583979
18504201
18425322
18402841
18300793
18213398
18209168
19259318
18086778
18054518
17993229
17954709
17912468
17848653
17713876
17709344
17679459
17612399
17546594
17512720
17487280
17464157
17430565
17410000
17377838
17317333
17311302
17309969
17295241
17294829
17287142
17109028
17098683
17060676
17018785
16971969
16969087
16894299
16873561
16848724
16818496
16815701
16751779
16552827
16512781
16426913
16399416
16397025
16324817
16146690
16129368
16102210
16030302
15998891
15923428
15753979
15732191
15668707
15660649
15638966
15588765
15557758
15555358
15555357
15545967
15540896
15448009
15382104
15381546
15297421
15287028
15210467
15174511
15147608
15145278
15103636
15013520
15005290
14998980
14993768
14965204
14744727
14682374
14657512
14576855
14508115
14503938
12942575
12910253
12866459
12854888
12840112
12816726
12667715
12629332
12619105
12610510
12606942
12518363
12507920
12461781
12441277
12413310
12379069
12365913
12240546
12237873
12102551
11753038
11726024
11716177
11642608
11600813
11593524
11514946
11487538
11446145
11422494
11401911
11289276
11233771
11224619
11111186
11051256
11012648
10951341
10943596
10888772
10857882
10779652
10696247
10660492
10633177
10612827
10576664
10548311
10547545
10547465
10541367
10532194
10471047
10428201
10357696
10203616
9950218
9864395
9732239
9578321
9572231
9399837
9455941
9414187
9397123
9256144
9255581
9189703
9589350
9479647
9272137
9016527
8958301
8874347
8780932
8564979
8594564
8718525
7937055
1363367
1668892
