22385750
22385748
22385746
22385745
22385744
22384451
22375959
22355917
22353234
22328634
22326931
22326834
22323502
22322139
22304704
22282172
22262598
22264435
22261892
22258956
22244996
22242736
22240768
22239149
22228072
22227282
22214380
22213717
22188353
22187588
22186398
22171910
22166608
22159785
22156721
22145248
22133832
22133244
22133239
22127517
22126218
22124913
22107767
22106325
22105404
22096772
22092220
22088912
22071807
22071463
22064718
22048489
22046498
22035362
22033318
22029774
22029207
22026519
22026321
22026316
22021061
22017191
22016341
22013819
22008394
22006935
21997979
21991868
21979182
21976636
21975738
21975653
21961474
21946684
21946236
21944525
21939933
21937886
21933824
21932699
21930363
21926064
21925802
21924147
21921862
21920216
21915081
21908802
21904253
21903015
21901209
21900861
21884618
21884565
21882461
21881398
21880646
21880615
21875719
21875152
21874969
21868120
21867540
21862748
21847729
21855749
21843724
21840152
21831814
21831166
21830363
21824703
21823937
21810552
21810525
21810375
21807288
21806873
21806560
21806362
21804431
21802248
21799380
21798119
21795456
21795448
21790521
21788232
21786183
21768532
21768408
21761613
21760517
21737528
21744623
21737520
21724564
21716005
21705890
21704803
21702341
21680546
21678836
21676064
21676049
21676031
21674624
21669007
21666510
21666349
21664679
21658490
21655932
21654442
21653676
21649634
21648052
21646229
21640251
21636821
21632004
21632001
21628971
21624879
21623986
21621474
21621237
21616954
21614943
21607807
21602172
21599943
21598880
21598864
21598846
21596585
21586148
21586143
21571446
21570910
21569889
21568689
21565659
21560912
21558623
21555983
21553116
21547163
21545758
21545750
21545642
21545639
21537109
21537106
21535402
21535287
21534650
21519768
21514746
21510910
21509585
21508204
21507102
21505043
21505020
21504956
21502249
21502239
21502163
21501484
21498971
21497126
21493963
21491385
21489236
21487883
21476999
21476027
21469021
21464186
21462536
21458905
21456893
21455216
21453293
21451324
21450201
21445669
21445521
21441772
21441759
21439459
21438297
21438268
21438237
21438209
21436325
21435786
21435319
21433078
21422088
21417738
21412894
21407011
21403995
21403488
21398016
21390952
21386749
21386027
21384606
21378691
21376920
21376909
21361880
21360219
21355019
21353301
21352703
21345891
21345639
21343878
21339502
21336200
21335270
21329811
21329525
21328262
21324292
21324058
21323224
21311837
21309365
21307725
21306472
21304149
21278096
21301275
21300992
21299762
21299761
21298906
21293303
21290083
21285118
21279635
21275560
21274361
21273211
21270142
21268456
21268455
21267524
21266906
21266491
21258897
21258596
21257334
21257333
21256098
21254199
21252966
21251144
21249666
21249651
21247221
21244129
21227561
21226551
21226379
21223413
21216069
21208326
21206925
21206373
21206145
21204090
21199553
21195643
21193168
21187195
21186224
21184039
21181616
21173417
21173416
21172919
21171732
21165716
21157292
21155504
21154401
21150647
21150534
21147607
21147538
21147375
21144039
21143464
21143436
21142289
21135797
21134510
21133261
21131627
21129621
21129007
21127115
21123188
21111136
21106341
21099151
21097943
21094341
21091980
21091622
21091618
21087498
21083778
21078782
21076353
21074073
21073111
21072585
21069682
21068615
21068536
21064236
21062848
21061860
21057317
21057112
21051652
21051002
21050319
21049218
21048924
21043336
21042008
21040815
21040023
21040019
21039367
21030709
21029825
20978417
20973962
20969495
20964467
20964463
20961926
20961469
20957658
20956045
20947876
20947297
20946215
20881463
20940232
20937069
20934620
20934554
20929903
20927741
20927736
20925437
20922280
20888504
20887914
20879180
20879091
20869662
20868952
20865600
20864710
20863333
20858166
20857805
20857249
20854565
20843236
20841780
20840490
20836582
20831790
20828761
20828486
20827242
20827241
20827240
20827239
20827238
20827237
20822625
20818190
20817938
20815846
20815185
20804242
20798621
20797963
20795459
20739845
20736208
20733473
20728659
20728611
20727669
20722149
20718970
20712199
20709704
20709468
20699716
20698022
20697862
20695005
20692163
20689962
20687039
20682567
20647783
20679979
20679422
20679137
20678608
20667850
20659597
20658922
20658797
20657973
20647929
20643871
20642715
20642539
20642257
20638018
20633726
20610315
20628707
20628421
20624120
20622592
20620235
20618600
20616328
20614670
20610242
20608567
20604591
20603062
20601438
20600466
20598813
20589205
20587380
20587105
20585256
20583951
20581909
20580988
20579169
20579021
20576390
20574419
20574202
20569280
20568268
20567054
20566980
20565525
20562714
20559470
20558197
20556787
20556754
20556560
20555179
20552588
20552168
20551086
20545462
20543652
20542238
20541978
20537638
20537128
20535099
20534212
20532470
20529768
20528250
20526677
20526215
20521196
20517756
20514511
20513274
20510973
20505604
20497392
20496987
20493352
20488915
20487470
20485224
20483879
20482788
20466879
20466592
20465027
20464765
20460832
20460620
20460331
20457733
20456215
20455924
20450469
20447989
20407349
20407348
20439049
20438032
20437252
20435994
20435304
20435272
20434645
20430799
20427301
20423949
20423404
20422154
20413638
20407019
20403350
20402605
20401953
20394026
20390287
20389224
20388162
20385882
20382662
20380720
20377000
20376617
20375838
20363823
20363821
20363817
20363816
20359354
20356780
20346815
20345940
20334937
20334454
20334116
20334002
20308871
20307859
20303034
20297860
20238341
20236774
20236503
20230348
20228681
20224619
20220718
20215558
20215495
20213217
20212363
20206817
20202271
20200007
20199699
20197252
20196290
20196289
20195846
20193139
20191794
20188021
21779449
20184399
20179032
20166100
20159530
20159077
20158697
20158288
20154094
20152212
20151627
20149515
20117592
20117591
20117582
20147333
20146143
20145025
20135179
20130419
20128907
20127628
20122469
20122044
20120026
20118709
20117858
20117700
20117579
20116188
20042778
20102862
20101790
20094690
20092742
20091638
20091578
20091538
20088342
20085958
20085954
20083413
20081684
20072807
20072042
20071139
20069540
20066652
20061854
20058564
20051673
20051158
20048136
20042867
22279724
21418686
21387862
20040521
20038875
20026835
20026829
20026768
20026451
20024886
20022693
20022417
20020300
20014415
20011182
20010151
20009752
20006669
20006349
20004443
20000300
19918148
19998019
19959739
19957280
19952750
19951431
19947333
19945555
22130210
19942258
19933955
19931340
19927052
19924496
19924350
19923534
19920410
19910803
19876673
19897532
19897188
19896245
19893998
19892619
19887154
19886729
19883395
19874079
19861985
19854423
19854000
19853947
19850815
19604064
19828169
19821372
19820661
19820465
19820238
19818476
19815566
19812101
19811888
19808152
19806286
19806284
19805608
19805607
19805604
19802522
19801318
19797342
19794371
19794322
19794158
19794010
19793845
19793471
19793154
19792209
21122757
19787499
19785362
19785257
19783058
19782332
19776705
19772229
19769888
19767629
19765816
19765509
19764187
19764182
19764181
19764180
19759391
19753446
19752675
19748033
19747272
19747271
19746304
19744824
19736820
19735564
19734238
19730398
19722726
19720423
19716963
19713837
19713398
19712793
19712236
19706301
19704293
19702360
19699448
19694912
19690495
19686562
19683639
19682651
19682123
19673674
19671916
19671641
19667777
19664453
19664433
19664432
19664427
19664425
19660634
19657974
19657560
19651933
19650751
19648869
19647508
19647251
19639918
19636995
19634038
19626356
19625191
19620551
19576483
19618283
19617253
19602770
19594931
19594659
19592841
19591361
19589839
19588364
19588359
19560007
19581088
19580618
19577205
19565393
19564841
19561731
19557972
19557449
19555950
19535951
19551313
19547732
19543638
19543018
19542181
19540963
19540486
19537898
19536941
19533496
19523539
19522360
19515590
19497468
19494361
19494100
19491546
19491427
19474580
19473368
19470197
19469796
19469218
19467846
19464526
19463079
19463048
19459716
19459032
19456994
19454182
19453201
19451753
19447767
19443141
19441195
19433429
19433202
19432118
19428013
19422754
19421702
19418468
19411768
19411766
19407050
19407049
19406066
19401250
19399161
19396074
19396073
19396071
19396069
19396066
19395353
19394857
19389334
19385327
19383069
19380951
19377817
19370674
19370641
19370556
19367515
19366411
19366392
19361924
19360283
19359919
19359329
19358198
19353426
19352148
19351307
19351218
19350322
19346997
19346426
19346425
19338655
19325474
19318898
19305211
19301072
19301044
19291191
19277922
19272544
19272141
19251076
19253921
19249449
19248410
19235778
19235364
19235118
19235116
19235114
19235113
19234014
19234012
19227741
19226295
19223138
19216617
19211180
19209060
19204137
19204126
19202683
19192089
19191926
19190278
19170364
19170189
19167551
19167550
19167547
19165138
19160289
19160287
19160271
19160270
19160240
19157761
19157054
19156018
19152541
19152462
19149871
19147479
19141927
19135908
19128332
19125401
19120590
19119719
19104230
20530953
20298623
20205121
19106254
19104317
19093923
19093415
19091533
19088640
19088155
19085159
19083405
19081701
19081295
19077647
19074757
19074249
19074247
19074054
18992585
18708020
19068304
19065501
19064658
19064422
19059797
19052516
19046552
19043393
19039905
19036232
19035419
19032751
19032571
19026237
19023490
19018922
19012721
19009873
19009691
19005360
18997551
18992184
18990476
18989553
18989127
18986651
18979152
18971207
18959636
18954394
18953212
18952706
18952404
18951756
18951753
18951387
18951201
18950983
18947967
18946426
18946398
18936376
18931476
18924177
18923372
18855814
18854462
18849672
18843684
18843621
18841227
18836050
18833393
18830036
18829693
18826561
18825853
18820375
18820042
18816312
18815661
18815408
18814675
18813472
18811104
18809340
18807857
18807855
18803038
18799105
18796060
18795505
18783909
18783636
18779031
18778747
18777968
18777963
18777665
18777441
18724864
18763471
18760155
18759997
18759958
18728521
18726178
18725490
18725015
18722199
18720690
18719039
18717649
18717420
18717297
18711111
18710124
18708838
18698202
18696394
18690948
18690916
18690126
18689852
18689393
18687232
18686596
18684008
18676789
18676787
18676529
18672856
18672400
18667626
18667201
18660409
18658103
18647434
18647120
18646143
18646123
18646111
18645292
18577133
18625906
18625678
18619733
18619006
18608295
18606257
18603339
18602345
18601635
18595996
18595377
18593076
18592202
18590516
18585716
20142895
18581960
18581922
18568356
18567515
18567328
18563002
18562399
18559852
18558893
18557502
18557366
18556634
18549170
18547904
18544658
18540325
18538478
18533154
18519151
18519067
18515252
18513418
18513377
18513106
18507571
18506602
18505669
18500712
18380871
18495686
18482821
18478859
18475092
18475080
18469620
18467282
18461737
18460972
18460971
18460873
18455967
18452731
18450141
18449808
18443717
18443005
18437259
18435954
18432441
18427445
18426607
18426470
18420290
18417559
18417291
18416875
18407412
18406836
18405471
18404086
18403269
18402322
18398550
18393147
18392925
18392181
18390567
18390470
18390011
18390010
18390009
18390008
18390007
18390006
18388232
18388228
18387815
18387018
18387014
18381822
18379663
18378767
18367500
18366377
18360143
18359906
18349011
18348761
18348591
18337279
18335899
18334606
18333768
18331704
18330373
18329429
18324932
18316934
18316887
18313002
18312155
18308203
18306893
19468901
18299371
18298700
18297477
18294576
18288533
18287925
18287895
18286859
18285612
18284538
18281240
18277638
18270405
18268836
18267173
18264900
18261895
18258587
18258586
18258582
18254102
18254047
18254033
18251272
18204401
18204393
18250292
18245316
18239843
18236890
18236887
18236886
18234033
18232620
18228649
18225664
18220126
18220068
18217233
18215545
18212254
18211594
18199628
18198973
18197795
18194967
18183870
18181295
18177258
18171323
18062739
19445809
19291470
19248471
18161140
18161139
18160949
18159776
18158294
18157646
18157002
18156420
18155993
18154668
18154602
18091297
18091439
18089892
18088529
18081460
18080626
18078785
18075873
18075342
18073696
18073634
18073595
18073405
18073269
18069907
18068819
18064923
18061812
18057805
18056731
18055687
18054636
18054289
17933809
18049879
18042335
18042127
18039580
18039511
18039510
18038537
18036491
18031484
18024063
18019513
18019312
17999843
17987826
17982328
17978378
17973163
19288699
19288695
17966917
17964650
17962620
17961874
17947018
17944132
17943901
17943875
17939461
17932020
17921771
17921433
17916882
17916783
17916224
17915317
17914288
17914286
17910572
17910557
17910554
17906326
17906239
17903219
17901393
17900066
17895038
17884485
17880705
17880619
17880412
17879522
17877661
17877569
17876068
17873724
17854574
17854499
17852515
17828652
17824851
17824448
17824188
17822643
17804344
17767338
17766743
17766626
17763710
17723966
17714235
17695384
17694892
17689450
17625471
17686935
17685041
17680740
17679708
17679707
17679264
17678656
17676586
17666240
17662666
17650791
17646938
17641695
17640247
17636732
17636625
17633945
17633836
17613449
17629439
17627199
17619540
17616310
17615420
17613140
17610460
17607133
17605697
17599887
17599857
17595425
17588236
17580145
17580012
17579520
17579305
17577087
17576249
17571649
17567976
17565772
17565436
17563592
17563331
17562732
17557495
17553397
17550062
17548020
17545352
17544084
17544074
17537741
17537088
17536296
20411151
17524803
17522134
17521229
17519039
17514729
17514698
17513980
17512475
17512474
17512473
17511833
17506655
17505224
17500501
17497523
17495547
17493201
17485730
17485556
17484346
17479022
17476937
17473547
17473542
17469701
17468129
17466205
17462490
17460797
17460796
17454015
17452662
17447662
17440330
17437163
17435959
17435496
17426609
17418642
17414913
17413502
17408913
17403750
17403738
17402995
17400872
17397441
17394096
17383519
17382852
17382434
17379228
17379081
17378874
17374019
17366334
17353703
17352989
17352702
17350541
17344039
17341283
17339574
17336864
17335520
17331098
17324663
17324660
17323873
17323734
17321857
17319187
17312422
17311796
17308550
17308440
17308327
17303256
17300804
17300545
17300243
17300103
17298608
17297330
17293604
17285377
17284884
17274846
17270065
17265618
17263101
17259353
17255868
17253536
17250961
17245236
17241103
17239074
17239067
17234490
17225786
17225478
17217633
17210492
17207683
17203450
17202513
17200478
17198485
19450357
19098331
17193938
17192207
17190116
17188163
17183048
17175568
17174631
17170650
17170514
17170197
17170185
17170184
17165493
17164458
17163119
17163118
17163086
17163001
17161044
17158580
17157504
17156916
17156447
17149021
17147756
17146712
17145487
17144283
17142588
17142548
17137172
17133187
17133133
17132577
17130774
17130759
17130607
17130596
17129334
17128392
17126636
17122030
17120921
17118308
17118306
17118305
17118300
17118299
17116128
17115966
17114141
17114096
17112658
17111939
17107528
17105632
17102254
17099432
17096455
17095423
17094932
17094368
17094364
17093330
17089485
17088463
17083855
17078416
17078415
17078413
17078410
17077767
17077747
17074864
17074559
17073529
17071816
17071086
17066991
17063100
17063097
17063096
17059296
17055847
17054179
17054171
17046259
17044354
17040546
17040518
17040512
17038838
17036349
17021452
17014235
17011153
17009571
17001748
16998433
16995611
16990751
16990747
16986668
16986593
16983977
16981213
16979997
16972680
16971975
16971860
16971043
16970651
16968431
16968119
16958197
16952970
16951011
16949004
16946281
16939981
16939134
16937939
16932871
16932823
16931614
16931344
16930118
16928974
16928594
16927918
16927591
16926202
16922665
16920508
16913238
16908956
16907649
16902081
16902077
16900448
16900445
16896913
16896899
16893357
16885795
16885255
16885248
16884562
16884057
16883077
16878858
16878854
16875503
16872507
16868583
16866658
16858255
16858106
16856087
16856072
16856013
16855983
16855960
16855487
16849919
16849914
16849713
16849002
16846778
16834832
16831663
16830631
16829337
16828623
16828205
16827689
16826795
16826362
16824545
16817949
16817300
16817294
16816470
16808942
16808198
16802559
16798753
16784947
16778322
16774021
16773930
16772543
16770528
16769529
16766969
16764384
16761800
16754188
16753280
16749297
16741462
16740830
16732040
16730320
16714910
16714517
16714497
16714452
16713780
16712531
16703847
16700194
16698514
16686100
16682570
16675480
16672775
16669844
16669268
16649322
16645623
16645494
16643663
16638947
16638920
16632967
16629155
16625630
16625608
16622607
16620258
16619896
16617946
16609274
16607170
16606908
16601511
16598905
16597777
16596288
16595571
16585110
16582844
16582560
16582144
16574289
16574123
16574122
19449505
16571946
16563159
16562383
16557506
16556640
16551348
16549963
16548440
16544861
16542660
16537324
16537312
16536173
16536095
16529672
16528842
16523801
16521814
16515431
16499196
16498709
16496836
16492516
16491743
16487529
16483127
16483069
16482735
16482732
16474287
16468121
16464812
16462412
16461252
16459213
16456206
16456205
16454064
16451431
16449138
16449050
16448850
16443330
16439819
16439771
16439733
16439286
16439283
16437484
16437429
16435616
16433571
16430020
16429085
16429002
16428715
16427020
16420542
16417901
16412115
16403851
16400775
16398908
16398166
16396137
16389922
20607131
19606762
16378566
16377329
16375065
16368342
16366017
16364930
16361210
16356212
16355257
16355256
16351002
16342635
16340681
16337563
16335434
16334086
16332231
16331649
16330361
16325994
16321717
16320431
16318611
21794265
16308066
16302321
16302320
16301756
16299203
16299189
16294558
16278549
16278545
16278542
16270942
16269900
16266031
16263146
16260410
16255669
16255451
16255338
16255258
16253049
16243099
16235364
16234574
16231956
16230546
16217112
16207644
16207642
16203840
16197665
16196513
16196512
16195571
16182529
16181950
16179144
16176225
16164527
16156538
16150449
16150059
16148964
16146808
16143639
16138933
16133895
16131283
16129874
16127345
16127338
16118934
16116832
16114609
16102833
16100756
16100635
16097492
16093238
16086195
16062003
16054102
16053434
16052020
16051350
16050176
16045055
16035686
16035683
16030418
16023756
16022241
16020058
16019680
16012553
16012536
16007598
16002957
15999433
15999127
15998927
15997970
15997896
15997721
15991661
15991354
15988955
15984398
15984224
15984220
15982242
15980729
15977880
15977462
15965365
15953643
15943137
15939390
15938040
15934857
15933407
15933404
15928570
15927967
15927926
15927925
15924192
15919561
15918669
15915378
15912639
15912637
15903163
15903160
15903157
15901380
15898165
15894162
15894161
15890139
15888677
15875966
15871622
15867768
15867722
15867568
15867033
15866759
15861865
15859038
15856757
15856427
15855870
15846732
15846716
15846715
15846689
15846684
15846644
15846614
15841996
15841026
15839290
15836459
15828597
15826752
15817016
15811953
15811305
15808155
15805953
15805456
15805437
15804844
15802991
15802771
15800277
15799514
15799512
15785329
15784205
15780120
15779701
15776473
15768730
15761326
15760302
15753198
15751250
15743297
15739950
15739800
15735268
15730075
15729053
15725133
15723817
15719353
15716481
15702733
15700727
15698747
15691983
15689144
15684843
15678017
15677846
15674948
15674890
15667817
15665750
15664578
15662069
15662068
15658181
15655131
15653699
15643158
15641869
15641642
15636419
15635914
15632762
15632096
15626012
15624570
15621331
15610636
15610628
15609841
15607286
15607278
15605345
15605286
15597363
15590536
15589904
15585756
15583259
15583227
15582075
15580187
15575637
15574984
15574722
15568296
15567967
15565847
15565194
15565193
15559186
15551692
15551662
15550961
15550359
15546515
15545548
15545236
15542987
15542986
15533636
15531319
15528579
15528577
15528576
15527473
15527469
15523119
15520975
15520968
15518966
15518748
15515874
15510356
15495913
15495711
15495083
15495061
15495018
15492621
15488502
15482091
15482087
15481515
15479154
15474826
15474545
15470005
15469582
15469120
15466690
15466615
15466075
15465944
15459808
15459600
15449974
15385897
15382438
15381865
15381506
15380785
15368824
15363739
15363732
15359671
15358381
15354006
15353899
15350889
15350323
15346698
15337661
15335111
15335109
15334334
15333541
15331306
15326991
15325010
15325007
15317368
15314540
15314052
15314046
15311650
15307900
15302445
15301338
15300497
15295251
15293377
15293358
15292885
15284315
15282987
15279211
15276931
15266531
15266456
15266452
15265242
15264611
15264459
15261906
15253289
15251647
15249893
15246042
15239758
15234944
15234644
15231625
15231362
15231359
15231354
15228480
15226124
15224538
15223890
15222094
15218524
15214601
15212778
15212776
15210225
15209650
15207997
15204304
15203950
15202052
15199480
15197022
15192981
15191419
15188317
15185072
15178676
15178674
15178238
15177955
15175494
15175208
15170277
15162630
15162628
15154887
15151440
15151003
15148053
15145201
15145092
15144157
15133885
15131998
15128138
15124984
15121496
15119124
15116544
15114554
15113819
15112742
15111766
15106247
15106200
15100103
15095951
15094422
15085792
15083878
15083870
15080599
15077823
15076937
15074456
15068054
15067592
15066970
15066200
15060522
15057190
15054363
15049392
15043790
15031239
15030457
15028189
15024940
15015795
15014277
15010446
15003594
15003574
14998820
14996880
14988379
14985947
14984183
14980747
14977713
14976867
14974778
14973975
14973961
14970772
14970367
14966718
14965480
14964214
14963679
14962345
14962164
14960426
14960254
14959690
14959631
14767365
14760055
14753093
14750926
14748053
14744191
14744063
14741182
14738031
14735679
14734942
14734628
14734375
14734369
14718758
14715483
14711439
14709263
14700572
14700002
14699331
14694671
14693998
14692095
14685078
14684649
14680350
14679882
14676646
14669186
14668671
14666507
14664363
14664270
14662691
14660520
14651311
14650448
14649511
14644721
14635271
14634497
14629094
14623835
14623794
14623487
14622624
14619761
14615757
14610440
14605319
14603647
14603560
14601276
14585480
14583986
14583918
14580734
14576855
14574653
14533564
14528708
14528702
14528701
14519359
14509881
14502813
13679842
13679742
13679741
13677960
13677822
12975627
12971932
12967803
12966005
12962977
12957997
12956672
12948964
12948963
12942846
12942047
12930044
12930040
12929248
12928102
12925268
12921472
12921469
12919233
12918177
12917984
12911836
12908202
12904127
12897357
12885066
12883920
12883516
12866766
12866205
12862333
12856906
12855930
12855341
12854487
12840962
12837889
12835986
12830127
12830125
12823164
12822199
12814711
12811107
12811080
12811079
12811077
12811073
12810744
12810740
12810734
12808613
12808367
12804421
12799230
12793023
12782776
12782437
12779300
12777645
12775923
12772485
12770653
12753486
12748142
12748130
12744850
12739403
12735541
12734154
12733167
12731122
12730651
12725133
12723164
12719675
12719198
12714166
12711933
12700214
12696636
12694461
12693795
12690594
12689884
12682611
12679760
12679507
12675546
12671252
12671251
12671134
12664324
12662332
12658261
12658255
12650000
12647510
12645443
12642824
12641153
12638826
12637175
12620173
12620165
12620164
12619406
12618546
12613361
12613359
12602300
12597061
12595401
12594580
12591040
12580318
12578765
12578491
12576382
12574670
12570397
12568149
12565205
12548381
12545682
12545516
12544816
12543900
12539919
12535454
12535321
12533360
12528176
12521968
12515340
12514493
12510042
21854333
12506268
12504164
12502638
12502627
12502626
12495821
12493655
12485545
12473040
12465198
12464503
12463892
12463486
12460794
12459933
12454360
12450705
12447120
12440111
12427056
12439571
12433241
12429254
12425706
12421774
12421771
12414541
12412948
12403637
12403317
12402411
12402126
12400839
12397406
12372236
12371909
12369676
12359024
12350451
12271220
12236803
12229098
12221362
12206127
12212396
12204989
12194617
12193005
12192346
12190885
12183896
12181080
12180354
12177668
12173280
12172823
12170493
12165757
12165065
12164980
12163287
12161769
12154698
12154626
12148139
12140499
12137634
12125826
12121523
12120838
12101549
12096377
12091661
12091180
12091027
12088232
12078657
12078371
12076481
12076415
12076402
12066621
12062950
12055706
12052377
12052375
12047121
12043377
12039831
12034593
12028981
12028179
12003602
12023717
12017695
12016181
12020339
12015249
12011736
12003885
12002955
11999257
11998095
11998024
11998014
11991558
11990873
11982679
11979229
11968764
11968763
11967795
11967351
11955028
11954402
11949010
11939443
11931782
11925375
11919527
11897748
11897464
11890130
11888030
11883354
11882483
11877637
11869584
11868346
11858449
11858225
11858002
11855230
11848262
11847786
11840727
11840109
11838646
11828596
11822564
11820373
11820060
11818270
11811346
11808056
11806513
11801950
11800066
11794762
11791038
11789649
11789638
11789116
11785576
11779449
11770660
11764873
11762571
11760328
11760300
11753165
11733849
11740214
11729804
11725244
11724193
11723150
11718505
11711147
11711003
11704717
11696502
11696486
11691663
11691560
11691559
11687135
11687049
11686957
11684741
11680284
11680205
11677850
11676186
11606833
11603749
11603643
11601951
11598995
11598990
11586806
11581353
11580118
11577790
11577036
11571959
11569640
11565992
11556649
11556255
11552473
11546700
11535488
11534309
11533353
11532240
11530541
11524320
11510252
11503666
11483459
11483328
11482267
11481421
11478564
11476809
11474886
11471530
11466188
11462874
11451714
11451214
11450932
11446540
11446536
11444889
11435366
11428566
11425683
11419315
11406064
11406026
11405972
11404826
11406732
11406727
11403118
11399130
11394819
11394562
11393007
11392173
11383428
11380764
11380642
11375872
11373039
11370579
11369423
11359154
11356755
11356241
11354214
11345496
11338256
11279737
11326187
11323559
11320011
11319989
11301793
11282053
11281079
11276299
11276296
11267809
11258092
11257408
11251361
11180733
11246760
11245749
11242573
11239743
11239290
11239249
11235796
11235794
11223761
11217724
11217704
11213534
11213274
11201551
11201030
11198027
11194808
11190623
11189120
11207958
11207879
11177161
11171878
11158804
11158796
10753051
11155469
11152094
11152041
11144881
11144431
11141142
11139739
11129762
11123524
11117585
11111609
11110501
11109221
11109030
11104239
11076288
11075858
11071692
11066595
11064300
11055317
11052388
11050821
11050058
11040548
11039974
11037587
11035390
11034696
11022926
11021861
11015028
11013776
10997482
10997363
10994888
10993869
10993613
10978807
10976367
10978061
10969583
10969542
10969219
10968568
10964188
10964177
10959223
10955183
10939015
10934310
10928575
10911688
10909320
10904924
10904512
10901572
10901307
10895145
10892452
10890256
10883332
10881240
10868679
10867377
10857834
10852840
10840483
10824499
10823094
10821551
10819376
10819251
10811396
10800246
10797768
10796853
10796829
10796827
10796820
10796742
10796674
10796391
10796348
10793282
10793281
10793279
10793278
10793275
10793273
10790990
10790710
10776858
10779053
10777419
10771918
10768324
10750517
10738479
10730341
10725529
10723475
10720360
10711876
10701323
10698248
10690444
10687614
10687340
10680613
10658981
10652982
10646026
10603883
10597754
10540576
10590981
10590971
10585996
10578727
10575759
10568395
10566716
10557824
10539081
10537491
10528389
10520415
10512257
10512256
10511964
10511663
10509458
10506732
10505825
10490037
10478388
10474554
10473875
10473471
10461069
10457643
10457631
10456590
10454807
10446529
10442126
10433353
10417939
10416846
10410645
10392736
10385837
10384028
10378807
10374198
10374189
10353042
10351465
10338695
10346320
10339681
10319300
10228673
10224191
10220201
10218168
10199487
10194568
10191454
10188700
10101829
10088745
10084627
10083722
10077769
10072743
10048110
10023129
9951469
9950405
9934918
9931077
9921598
9921388
9921387
9921386
9921384
9921382
9921379
9920228
9920227
10454818
9888163
9885926
9867401
9865291
9831160
9827244
9818601
9814219
9801718
9799012
9794327
9788097
9779686
9779677
9776854
9776193
9776112
9754184
9737061
9728823
9726751
9724680
9722733
9715672
9709420
9708747
9695690
9682332
9663219
9662731
9651622
9648418
9632321
9628495
9627737
9627529
9625664
9624275
9606576
9604901
9602858
9591899
9590328
9589544
9588964
9587180
9585856
9585853
9577899
9576101
9571725
9570426
10182293
9570045
9569462
9568768
9562727
9559197
9552905
9539499
9532518
9525565
9520971
9519087
9517323
9512836
9495002
9493628
9482141
9479744
9479743
9479742
9476199
9475215
9468807
9462495
10181006
9450129
9445511
9436130
9412649
9398135
9393044
10185770
9368552
9368251
9366729
9352487
9351780
9350711
9326863
9349127
9288422
9280384
9278650
9215432
9232588
9232587
9231814
9228911
9209232
9302890
9245942
9228446
9194971
9193274
9191619
9217700
9187886
9166273
9133535
9133533
9432429
9171541
9171540
9111985
9104526
9096829
9115838
9093094
9118556
9116547
9302877
9271961
9259911
9148224
9093671
9088358
9071693
9093330
9093329
9041895
9002496
9557990
9368315
9322420
9270860
9202767
9137718
9018612
8989956
8989799
8969858
8953962
8922568
9397884
9006637
8904856
8873639
8961605
8925493
8904993
8894337
8890421
8880679
8927776
8920395
8855523
8828760
9346079
8818259
8640613
9594099
8966124
8965733
8740331
8628626
8779010
8762374
8730235
8728146
8705774
8660028
8649524
8767152
8650149
8641016
8688591
8615096
9289497
8976980
8834006
8729312
8717552
8546136
8568992
9346041
8555949
8555948
7480742
8748100
8703682
8575171
7581754
7563563
8560103
7585278
7567337
8705116
8593417
7666868
7661074
7641151
7632126
7546065
7486977
9552702
8578486
8578485
8565023
8520732
7663313
7613330
7608644
7639915
7760597
7715058
7647455
7647182
7610684
7772201
7710161
7603050
7861878
7838657
7695949
15091602
8788667
8725561
8591545
8572416
7892824
7711704
7966484
7853322
7933351
7999204
7936874
7835548
7799813
7981521
7979337
7956200
7847750
7786120
7916851
8199934
8059299
10155503
8193099
8060004
7804618
8124144
8176512
8126939
8140884
7865322
7842235
8259896
8180326
8256801
8256798
8256790
8411605
8260288
8414825
8263433
8235856
8248768
8377564
8371662
8367353
8337035
8337019
8336883
8410394
8375424
8255258
8235409
8515138
8334173
8478834
8492059
8440117
8358467
8322228
8476806
8433314
8457399
8388823
8304696
8254243
8015871
10132850
1434963
1404770
1411417
1530199
1468091
1411451
1285686
1629993
10121011
1630178
1605114
1634710
1566207
1350318
1585557
1571985
1562780
1446941
1292035
1285825
1281948
1955344
1746739
1749434
1954153
1662479
1942139
1741896
1930768
1934216
1889423
1827569
2026030
2039216
2001959
1687403
2264731
2074106
2144195
1983715
2393476
1973461
2188043
2317034
2306082
15092312
2301937
2239020
2206048
2817870
2774534
2669826
2748447
2599638
2923437
2930164
2648075
2575191
3060737
2907338
3416148
3364962
3284827
3283909
3684171
3570620
3542757
12269210
2940654
3703114
3945787
2430905
4004393
3984969
12280205
4013370
6860099
6824238
6395010
6345760
6341494
7077016
7132649
6453526
7388368
732681
325181
782406
967165
4384053
14899474
