22418888
22417460
22417140
22416367
22413121
22412980
22410468
22409372
22408331
22407569
22406511
22404847
22404119
22404118
22404075
22402059
22401706
22400114
22399309
22391518
22388330
22386703
22385985
22385402
22385338
22383702
22380786
22378694
22367890
22366155
22364157
22363403
22360800
22359634
22359630
22357188
22353463
22344199
22342791
22339979
22336648
22333479
22332072
22332058
22330806
22329799
22328600
22326433
22325989
22322078
22315623
22315315
22313436
22310735
22309899
22308202
22302838
22300286
22298885
22297845
22296169
22294984
22293276
22286806
22285865
22283669
22281526
22275535
22272346
22268100
22267946
22266797
22262711
22262248
22260948
22258606
22258396
22254115
22253942
22253482
22252015
22249818
22248073
22248031
22247912
22243796
22240440
22240243
22238216
22236001
22235819
22234165
22228496
22227126
22226987
22222315
22221783
22219092
22217188
22214691
22213086
22203832
22200617
22200508
22198281
22198049
22197455
22194988
22187237
22185841
22184802
22184043
22182833
22178353
22173168
22172592
22169327
22165724
22162948
22160241
22155112
22153575
22152303
22149397
22144173
22142480
22138144
22136910
22135630
22135029
22129921
22129639
22122481
22118955
22110665
22107134
22104546
22103753
22098712
22098270
22096455
22096031
22095690
22093271
22091240
22088801
22088672
22088645
22087859
22087824
22082311
22081615
22076926
22075986
22075458
22075273
22074433
22073867
22072414
22018180
22069284
22067846
22064320
22059957
22057066
22056820
22051112
22050607
22043625
22040698
22039494
22038448
22038304
22038064
22033411
22031659
22029632
22029009
22028700
22022773
22022770
22022282
22022126
22021702
22018840
22018827
22014839
22014109
22013132
22012830
22012029
22011559
22010203
22007192
22002020
21999238
21997383
21995457
21994347
21992649
21989115
21987620
21982524
21978979
21978920
21975074
21972727
21971116
21970839
21970575
21967993
21966818
21964838
21961070
21959842
21958881
21956423
21955584
21955403
21949921
21949705
21945876
21945603
21944975
21943357
21941676
21941636
21938074
21935471
21932581
21931499
21929649
21925082
21921961
21920263
21918527
21917110
21915937
21913913
21913408
21912966
21912508
21912450
21912432
21912431
21910084
21910083
21910079
21908220
21907426
21907177
21906736
21906580
21900603
21900125
21881013
21896499
21894008
21893478
21892913
21892559
21884510
21881850
21870174
21868433
21865369
21862721
21861718
21861312
21860887
21859748
21855700
21855538
21854698
21852681
21846802
21846339
21843565
21836057
21835312
21835173
21831036
21830454
21802577
21821825
21821058
21816020
21812506
21811463
21809045
21808917
21807865
21799477
21798686
21797044
21796255
21793851
21792295
21791968
21782251
21779874
21779871
21779108
21778123
21775485
21774781
21774406
21773052
21773023
21769500
21766054
21765057
21764223
21762913
21762726
21760737
21756201
21742296
21755605
21751733
21749167
21748371
21747838
21746768
21742269
21741763
21738953
21737012
21735702
21734786
21734094
21733508
21733322
21731668
21729002
21725873
21724410
21723507
21723084
21722818
21721973
21720880
21718726
21715516
21714290
21711426
21710397
21701784
21701571
21690266
21689137
21688606
21688198
21686140
21685249
21685239
21684329
21680986
21680948
21680617
21679056
21677406
21674002
21671781
21666801
21663637
21655142
21651471
21649947
21649865
21649515
21646028
21645960
21637386
21636801
21636030
21634051
21633181
21631904
21631467
21627145
21626836
21625491
21618146
21613551
21612071
21612059
21609903
21606873
21605731
21605050
21603009
21602185
21599899
21599616
21592454
21587069
21587068
21575630
21572266
21571245
21570653
21570260
21569027
21568959
21564529
21564442
21562784
21559749
21556229
21554550
21549824
21549685
21549431
21547256
21546603
21543429
21540448
21540300
21539940
21537412
21536233
21536229
21533627
21528472
21526992
21523662
21519776
21519749
21519329
21519322
21517988
21516475
21515245
21511884
21509756
21509049
21508840
21508207
21508140
21506931
21506380
21505149
21498915
21494109
21491734
21489572
21488367
21487876
21487075
21486700
21485764
21484575
21481713
21481712
21480974
21478181
21476917
21475700
21475677
21475675
21473680
21470937
21466412
21463546
21462850
21462734
21461594
21458563
21457446
21453187
21452482
21452465
21452138
21450988
21448907
21447699
21446776
21444332
21439758
21439407
21438714
21436796
21436039
21431325
21430992
21430255
21429721
21428745
21425888
21419189
21419112
21415842
21407167
21406494
21404587
21403882
21397613
21397002
21396159
21393114
21388548
21386810
21386058
21383912
21378565
21354488
21372728
21368382
21368268
21367423
21357282
21357270
21355722
21353883
21350306
21350248
21349333
21348181
21348179
21347230
21346177
21346065
21333309
21331068
21330312
21329350
21328800
21325748
21325731
21318871
21317853
21315565
21307645
21306751
21306745
21300955
21299150
21296145
21290252
21289219
21286349
21285387
21281802
21281743
21280466
21280192
21279740
21274756
21272640
21270197
21269264
21269062
21268402
21266669
21264805
21257725
21255940
21255085
21250778
21242648
21241986
21240032
21238581
21237502
21234260
21233809
21233451
21233058
21232171
21228220
21227422
21226992
21226258
21226254
21226253
21219558
21215067
21214041
21211341
21210148
21209001
21208876
21205020
21204649
21197447
21197079
21196367
21196255
21195702
21193154
21193034
21193011
21192283
21191681
21190824
21185370
21185140
21183736
21179304
21175613
21172452
21171879
21147642
21171199
21167068
21166266
21160946
21159847
21157477
21153887
21148808
21145931
21145721
21144670
21143891
21135979
21134413
21130233
21127481
21127304
21126197
21125208
21125154
21122807
21122635
21119613
21117217
21116317
21115612
21114431
21112921
21112025
21111933
21107432
21106920
21099424
21094539
21093230
21091100
21090961
21089445
21044448
21088486
21083697
21081794
21076544
21076295
21069263
21063115
21062254
21059972
21054162
21047923
21046291
21045706
21044347
21043086
21042270
21042044
21041703
21040936
21039444
21034223
21028969
20979951
20978234
20975632
20974729
20974419
20974418
20961312
20971084
20967842
20967757
20966763
20965008
20961808
20960553
20960552
20960105
20956859
20955439
20950120
20939105
20938947
20938439
20936114
20935172
20932542
20932114
20926190
20923524
20922870
20920650
20920271
20890982
20890430
20889008
20888253
20887718
20885371
20880129
20876437
20874519
20869059
20865672
20864946
20864514
20861239
20854960
20852572
20847734
20847733
20847730
20844574
20842602
20842026
20841448
20840346
20837944
20836727
20833394
20832124
20829510
20829110
20828288
20825686
20797564
20823452
20817486
20817211
20816595
20811799
20807313
20807000
20804522
20804344
20803414
20803234
20800698
20800651
20800122
20798386
20798336
20798226
20797478
20737705
20727232
20725112
20724487
20722533
20720052
20718771
20717072
20717021
20716126
20714754
20713682
20711453
20708064
20706689
20706650
20705130
20704568
20703435
20699177
20699174
20699172
20698803
20697088
20696094
20688790
20687889
20687888
20687886
20686442
20685399
20678104
20675202
20671416
20667562
20664312
20663138
20660279
20659330
20656947
20656620
20654240
20649553
20648622
20648041
20647536
20646709
20645860
20644901
20644652
20643304
20639685
20639239
20634647
20633271
20633104
20633024
20629811
20626668
20625283
20624111
20619428
20619064
20615436
20613941
20610391
20608065
20605696
20603779
20602559
20601094
20594117
20592604
20592393
20590731
20590017
20587720
20587704
22254047
20584300
20584230
20581149
20580781
20579405
20575683
20571214
20570665
20569523
20569506
20565863
20565752
20563672
20560385
20548837
20541034
20540825
20539018
20536509
20535027
20534760
20532857
20531214
20530747
20519874
20519350
20518700
20518698
20518077
20517327
20516556
20515558
20513641
20513336
20512787
20510168
20509364
20508267
20508159
20507340
20504977
20499072
20495830
20494595
20494378
20493334
20492324
20490358
20490277
20488283
20485253
20484132
20483045
20480546
20478066
20477311
20473151
20473150
20472997
20466373
20465097
20463468
20460919
20460917
20460913
20460910
20448074
20445552
20444434
20440720
20440247
20436355
20430605
20430185
20428156
20427664
20425681
20425246
20425020
20424939
20424938
20424937
20421697
20420526
20415826
20415822
20415820
20415685
20414465
20412290
20411996
20388946
20388942
20409549
20407430
20406141
20402505
20399083
20399082
20398022
20396921
20395951
20395699
20392616
20391243
20388938
20388146
20388103
20388094
20385560
20385360
20384692
20384572
20384526
20381735
20376837
20376075
20371657
20371488
20370678
20370677
20370676
20370675
20370671
20368778
20368211
20367923
20367224
20363880
20361710
20360426
20360405
20357360
20354263
20353443
20346239
20339360
20234036
20336615
20335636
20335013
20334625
20334584
20331890
20308746
20303231
20232346
20231201
20226958
20223288
20219453
20218095
20216980
20216908
20216310
20213498
20211973
20211236
20210843
20207526
20202592
20199391
20198512
20197789
20197633
20195271
20189773
20189371
20186475
20185515
20180607
20179743
20179360
20179170
20174757
20174480
20172414
20172410
20171637
20167942
20167877
20167668
20167041
20164784
20158940
20158092
20156411
20156355
20156077
20155649
20153367
20153365
20151765
20150722
20149554
20146169
20146161
20145527
20141388
20134372
20127288
20124732
20120705
20116749
20110915
20110661
20103969
20103932
20101463
20100990
19822058
20098448
20093511
20093176
20092995
20089210
20087536
20087247
20084527
20075843
20075574
20071142
20069077
20067162
20065758
20061516
20061429
20061420
20060507
20056169
19996485
20053534
20053495
20051851
20047197
20046414
20045517
20045052
22053606
21808585
21525763
21428185
21383957
20039062
20038921
20038288
20032478
20031811
20031380
20026355
20025695
20022940
20021625
20021538
20021445
20019460
20017829
20017651
20016419
20016210
20016051
20008872
20008868
20006363
20006362
20004425
20003621
20002885
19996744
19967920
19966719
19965842
19960405
19955400
19949375
19947447
19943799
21643544
19942842
19940413
19940327
19940234
19939912
19939653
19938128
19936455
19935427
19931073
19929980
19929281
19928577
19927143
19927139
19926782
19923373
19921118
19920794
19920214
19920161
19917068
19916038
19913361
19911665
19910635
19908945
19905967
19903376
19900154
19900153
19895757
19891305
19886866
19885998
19884114
19883531
19881234
19878507
19878385
19875596
19875212
19864106
19860537
19860210
19859051
19857054
19854181
19853383
19852785
19836626
19851302
19850237
19845792
19843321
19839824
19837927
19837912
19835422
19834103
19829142
19828712
19827683
19811249
19822799
19821969
19799688
19819455
19816812
19815021
19814728
19808298
19807877
19802339
19800745
19800255
19800211
19799543
19796705
19794059
19789063
19788868
19788606
19786735
19785767
19776184
19772818
19753477
19768251
19768248
19766273
19765850
19765773
19764341
19762858
19761971
19760989
19758844
19754938
19754412
19754385
19753755
19751444
19751186
19748796
19747805
19741540
19741171
19739037
19738135
19731872
19731869
19726972
19724016
19717152
19713424
19713172
19710195
19707530
19702793
19702523
19698203
19698199
19695853
19694629
19689829
19689382
19688220
19686868
19685554
19682539
19680806
19675375
19672026
19656916
19654955
19644813
19644452
19643035
19642981
19641984
19641304
19641220
19640330
19636418
19635304
19633656
19633416
19630751
19628432
19625959
19625456
19625064
19624809
19623831
19623418
19621017
19619183
19616924
19614791
19608989
19607680
19604438
19604125
19601918
19596472
19596311
19594420
19593953
19593941
19587123
19583605
19582378
19581764
19578104
19577810
19577754
19574332
19573754
19571445
19570413
19570238
19568151
19567607
19565174
19565136
19563383
19558749
19556219
19549757
19549522
19545363
19542257
19541924
19536127
19534673
19527482
19526859
19525020
19523714
19521344
19514858
19318223
19509015
19506386
19506316
19505930
19505534
19501581
19501242
19499415
19498343
19498324
19497986
19491539
19488607
19487931
19487712
19485925
19483049
19480763
19477472
19475694
19474712
19472103
19466206
19465076
19464009
19462608
19462607
19462476
19461649
19457573
19452407
19450572
19448566
19444768
19444112
19442124
19270203
19440803
19439037
19435851
19434050
19427777
19427438
19423760
19422140
19415399
19410569
19405044
19403719
19402938
19401444
19399016
19398498
19397692
19394980
19386311
19375615
19375589
19370038
19369869
19367114
19367109
19362852
19362745
19360015
19359150
19359054
19357846
19355969
19352614
19351725
19344785
19344228
19333209
21491819
19329496
19318968
19317815
19306526
19303981
19299644
19298933
19297362
19294996
19294810
19291292
19290012
19289637
19284557
19279658
19278844
19265603
19258673
19254704
19249445
19245514
19244367
19242728
19242280
19239904
19239028
19237305
19234770
19231640
19225250
19222503
19221221
19214922
19214357
19214173
19208772
19204430
19202949
19202906
19202899
19202894
19202389
19195626
19195625
19195624
19188682
19187802
19187547
19185776
19183743
19175322
19175075
19174745
19171928
19171400
19166691
19158351
19155434
19155426
19151962
19149546
19145910
19145777
19143723
19136997
19136982
19143010
19140212
19138313
19135616
19133410
19132219
19131468
19129854
19127706
19120115
19118811
21179920
20662461
20428325
19115316
19114968
19110319
19110318
19108899
19098369
19079275
19093209
19092166
19091101
19088876
19087363
19086185
19084278
19084097
19083473
19081678
19079714
19075678
19074515
19074209
19073451
19073361
19070857
19070380
19067532
19062531
19058983
19056664
19055479
19050985
19050672
19042036
19038307
19037880
19037171
19034329
19034319
19030170
19029462
19029118
19027219
19023195
19018603
19017613
19014056
19013572
19013294
19010799
19004191
19001743
19001033
18991076
18989230
18988888
18983328
18974244
20066132
18787732
18957797
18949082
18948123
18947374
18946785
18946784
18946782
18946171
18940877
18940391
18936912
18930475
18928154
18925358
18845918
18855715
18852391
18850196
18849305
18848171
18846046
18845301
18844714
18842390
18842159
18841425
18829364
18827582
18823887
18802217
20298351
18821286
18819754
18818862
18818420
18818172
18814029
18714407
18807290
18804759
18803950
18803932
18799960
18799090
18797696
18797130
18796618
18796516
18794388
18788408
18784081
18781598
18777168
18776986
18775919
18775774
18775539
18775356
18775354
18773749
18773748
18773088
18772365
18772330
18772329
18772269
18673004
18763329
18762907
18758745
18751917
18726787
18718696
18718174
18717681
18717248
18716798
18716169
18713481
18700909
18711404
18710472
18707945
18702947
18702744
18700135
18692559
18691786
18691272
18684307
18679408
18672254
18669160
18667998
18654008
18653780
18650421
18549868
18649082
18648940
18638594
18636654
18633174
18628776
18627003
18625666
18617073
18614853
18607382
18607187
18607180
18607151
18600567
18599449
18597739
18595782
18592996
18591880
18591402
18589557
18585798
18585721
18582612
18568142
18566690
18565254
18559718
18555838
18554723
18549393
18544898
18542007
18540612
18537758
18537094
18536656
18535190
18535101
18534708
18532991
18525354
18520215
18515558
18514051
18511016
18510434
18508964
18506280
18505743
18505468
18296330
18502272
18501910
18501344
18499295
18497726
18497723
18466791
18466790
18495270
18492218
18489581
18484901
18484615
18475056
18473870
18470293
18469848
18469553
18469276
18468206
18466728
18464748
18426500
18459024
18457797
18457598
18454166
18453810
18452784
18451326
18450953
18448263
18446789
18446711
18445891
18442411
18439548
18437151
18435780
18424588
18421213
18420211
18419784
18419637
18417315
18417155
18414426
18411450
18409234
18408460
18407440
18397542
18396172
18393169
18393140
18392896
18392804
18390795
18388196
18386618
18385833
18383956
18382906
18380992
18378435
18376898
18371109
18370830
18370825
18370798
18370776
18370745
18370723
18370640
18370605
18369528
18367024
18366993
18366992
18366984
18363886
18362299
18362297
18360012
18357363
18356406
18349065
18346161
18342796
18341566
18339002
18337634
18336234
18335040
18334893
18333122
18328350
18327995
18327991
18326983
18326980
18326979
18326978
18326257
18325305
18318224
18312746
18310442
18301272
18299467
18299466
18298481
18298345
17596480
18296838
18293822
18289064
18288276
18287212
18286801
18285549
18279712
18277351
18276939
18269188
18265478
18262533
18261709
18253163
18250214
18249307
18249301
18249208
18249207
18248310
18248270
18243215
18241617
18240558
18240549
18240546
18240543
18240540
18239590
18237111
18234957
18230958
18225601
18221603
18220945
18220805
18220654
18220629
18220627
18218037
18217426
18212282
18206686
18203961
18203910
18198303
18196989
18196987
18196981
18195586
18195475
18193490
18192006
18191645
18191048
18181091
18181081
18180905
18179745
18177768
18176372
18173900
18172447
18171428
18166604
18166598
18163969
20054187
19776622
19337536
18155257
18154661
18154189
18098145
18096167
18091698
18089449
18086071
18084671
18078524
18078144
18075971
18075292
18072723
18067768
18063352
18062158
18061654
18059573
18058283
18057089
18055394
18054439
18053838
18053812
17932585
17922440
18049445
18048040
21291702
21291701
18046594
18043876
18042325
18037931
18036566
18036365
18036084
18035683
18034779
17556335
18024933
18022390
18021938
18021889
18018381
17935058
17935057
17935055
17903326
18005364
18004605
18001259
17999758
17998025
17998010
17994459
17991878
17988754
17986642
17983931
17983557
17982963
17982639
17726407
17726406
17970534
17954815
17954366
17952830
17951321
17950796
17948363
17934392
17941193
17935958
17935553
17932314
17931049
17929294
17927497
17785696
17924125
17923467
17920206
17916992
17916989
17912155
17905606
17903275
17720354
19124393
17901753
17901371
17901224
17898498
17896982
17894848
17892556
17884126
17883998
17713410
17879992
17877746
17874629
17868679
17852421
17848406
17845899
17823366
17803818
17786082
17785365
17767903
17766712
17765229
17729403
17726085
17722439
17719095
17567458
17712547
17709916
17707576
17702712
17699463
17698726
17693973
17692787
17684461
17684460
17684197
17683282
17681508
17681180
17681141
17680645
17679826
17679822
17679806
17679784
17675902
17675900
17675897
17675896
17670615
17663929
20477398
17660701
17659713
17659704
17658222
17655851
17652887
17646718
17639966
17636107
17634253
17633905
17631244
17630933
17627791
17627550
17618612
17618108
17613800
17611627
17610998
17610348
17610277
17609404
17603231
17598818
17596532
17596140
17593345
17586414
17584042
17576989
17575367
17573060
17572429
17563341
17558491
17554340
17553710
17553506
17551260
17547835
17545744
17545569
17544972
17542249
17531095
17526015
17519434
17515919
17515890
17512308
17511629
17508916
17507280
17498484
17497447
17495604
17493197
17491246
17485272
17485023
17482547
17482536
17482271
17475546
17475465
17472743
17471859
17468354
17466499
17466100
19124929
17461452
17460730
17458697
17457574
17456293
17454845
17452558
17452309
17452168
17446993
17443028
17443025
17440642
17436367
17433952
17433469
17430234
17428730
17427646
17427425
17426657
17426096
17425064
17420420
17419348
17418291
17416050
17414665
17414414
17413910
17403472
17402291
17401296
17395885
17395658
17392575
17392557
17391148
17389466
17389257
17384660
17381487
17380006
17378943
17369714
17368954
17368746
17368586
17368041
17366001
17360767
17355638
17346204
17346147
17344653
17336696
17335677
17334647
17331862
17331745
17327423
20477100
17325252
17324404
17320799
17320519
17320517
17319458
17314330
17314035
17307056
17305651
17303919
17300278
17299845
17299378
17296858
17287555
17287419
17287417
17283228
17278926
17274207
17270403
17266963
17264850
17260457
17258089
17254521
17254464
17251696
17249334
17245476
17243117
17242490
17239709
17237841
17229978
17221113
17221103
17218834
17217634
17211240
17211232
17210154
17210129
17209175
17208662
17205149
17198925
17198917
17195530
20409834
17192343
17189875
17189537
17186974
17185009
17177145
17175295
17173503
17167477
17167474
17162146
17160670
17159864
17158283
17151291
17148740
17148564
17147916
17144889
17144103
17142131
17140103
17133149
17132977
17130263
17122751
17121520
17118511
17116714
17112530
17110902
17110092
17098232
17093158
17087139
17084707
17084410
17084402
17083780
17083619
17082809
17080744
17080519
17077304
17076999
17073635
17072441
17070436
17064291
17063573
17062763
17060964
17059795
17053528
17053429
17053375
17052808
17045226
17045222
17045221
17038634
17038556
17036496
17027827
17027571
17027103
17023700
17021763
17011566
17008303
17007284
16988550
16980868
16968945
16968805
16968464
16964446
16963013
16961722
16959274
16955393
16952281
16950750
16944615
16943580
16941045
16940454
16936910
16936531
16933408
16930500
16929136
16927406
16926555
16926246
16925194
16922816
16922815
16919355
16918589
16918371
16917805
16912127
16904849
16904534
16903166
16902063
16901956
16900791
16900012
16899795
16898573
16898569
16897862
16890449
16887123
16878017
16873701
16872712
16871768
16871766
16864141
16856813
16842191
16842142
16842135
16841860
16839835
16833174
16825023
16823477
16822400
16817825
16807303
16803600
16801589
16799400
16798823
16798031
16797327
16791618
16790033
16785454
16785347
16782139
16778752
16778569
16778162
16772508
16772463
16772160
16770838
16770562
16768127
16768125
16768104
16768029
16767790
16767295
16767294
16767291
16766431
16766251
16755205
16753279
16751941
16741326
16741160
16739870
16733858
16732022
16729327
16728212
16723788
16720718
16720437
16719565
16716756
16716099
16714121
16713426
16712775
16709957
16707022
16706822
16703190
16700915
16696213
16688121
16685133
16680031
16677589
16677122
16675728
16675506
16674273
16672143
16649343
16644639
16641887
16637782
16636217
16634986
16633326
16627556
16624269
16618517
16614361
16608030
16601571
16598698
16598526
16596809
16586130
16581698
16580566
16574234
16570157
16567836
16565691
16563549
16552667
16545161
16543683
16540767
16538000
16523413
16523315
16516152
16511591
16505647
16505579
16505518
16499291
16498518
16494881
16493453
16492425
16484595
16483888
16483880
16480490
16472781
16472051
16472048
16472046
16472045
16469684
16467590
16466280
16458175
16456090
16455009
16451303
16448990
16448983
16447287
16445986
16442931
16440602
16438384
16424352
16418168
16416204
16412357
16409569
16409152
16407588
16405892
16402897
16397549
16396052
16392225
16389265
16387723
16380496
16376797
16375204
16374858
16373465
16358093
16357066
16355018
16355017
16355012
16354245
16344542
16344402
16336573
16332649
16332644
16331111
16327525
16325822
16325028
16324922
16324645
16320856
16316354
16306923
16305071
16305070
16305067
16303006
16298909
16298496
16290227
16288846
16286529
16286161
16284192
16280404
16278525
16272829
16268963
16265100
16261723
16259772
16258146
16250263
16249772
16246049
16239592
16237562
16234277
16231588
16230515
16225466
16225463
16220642
16220049
16218882
16217983
16212004
16198623
16198619
16192822
16191492
16186962
16186396
16185181
16183411
16176196
16166805
16157083
16151628
16150383
16127767
16123492
16123319
16118253
16112958
16112954
16108837
16105478
16103758
16098921
16093760
16082913
16077717
16076683
16075407
16061044
16054632
16054052
16046315
16046242
16044022
16042995
16035393
16034720
16034717
16033673
16026420
16026271
16020583
16019265
16003133
16002303
16002176
15998259
15991565
15988579
15983968
15979442
15975198
15973660
15968580
15964237
15959406
15956147
15954057
15942332
15939060
15936299
15931619
15930956
15926603
15925303
15925014
15925012
19813332
19079897
15920065
15920062
15916985
15913829
15912326
15905045
15903292
15897370
15893251
15893134
15893133
15892654
15892650
15891348
15890981
15881336
15876361
15871852
15867786
15866064
15864528
15862282
15860712
15857269
15853751
15839196
15824195
15816996
15805704
15803114
15793189
15791030
15785301
15785190
15784408
15781756
15780824
15778246
15774069
15772897
15772055
15769764
15765889
15765307
15764798
15761634
15759791
15746832
15736891
15735578
15735209
15734883
15732243
15727895
15727753
15719758
15719332
15714863
15710760
15708106
15691626
15687414
15683597
15682645
15681098
15679897
15673055
15670668
15664305
15663921
15663918
15662537
15660576
15655130
15653761
15651735
15649842
15641147
15638786
15635185
15630152
15614032
15607546
15607389
15605308
15605304
15603365
15601958
15596567
15591010
15586651
15580192
15579060
15572382
15562247
15561923
15561346
15558407
15556248
15547646
15544449
15543219
15543094
15542283
15540536
15539969
15536110
15533870
15529550
15526495
15520626
15519647
15515478
15513385
15509809
15506946
15505985
15505005
15504933
15504932
15501624
15499043
15497675
15492304
15492131
15489217
15486313
15486052
15485680
15485602
15485587
15484976
15483098
15482702
15482698
15472205
15470277
15469638
15464947
15462598
15460166
15459460
15456334
15451814
15449569
15389816
15386807
15383514
15383269
15382613
15380800
15380496
15361676
15339988
15333743
15329185
15318947
15311577
15309290
15308596
15302200
15301226
15289378
15283042
15279743
15270782
15265464
15262906
15262834
15262295
15258728
15258556
15257724
15257255
15254876
15235215
15221353
15220201
15211329
15209628
15206150
15206139
15198961
15197154
15197153
15190271
15184688
15181044
15173127
15171748
15170829
15166815
15163090
15158528
15158527
15142635
15135724
15114276
15104027
15090970
15080783
15075917
15075708
15070430
15068741
15063602
15059032
15058311
15049879
15040164
15040152
15029092
15029017
15023300
15011980
15010071
14993913
14991101
14989048
14984925
14979423
14972097
14970104
14967837
14964545
14961455
14871051
14764799
14764282
14761253
14760416
14752837
14752334
14749502
14732816
14724368
14722642
14719590
14706052
14704742
14704740
14698988
14698977
14694300
14693992
14692606
14691427
14681862
14678874
14666271
14665663
14650751
14641004
19667650
14627747
14625215
14624142
14621449
14604013
14598880
14598860
14597888
14561585
14557435
14553866
14553864
14551681
14532165
14518282
14517150
14517149
14506893
14503930
14502101
12970124
12957685
12957322
12954449
12953030
12948872
12946657
12944727
12943736
12907880
12904852
12882928
12866663
12866662
12861380
12860890
12850386
12836490
12823641
12810246
12801619
12801614
12793593
12789809
12788800
12781862
12774948
12773138
12768215
12759562
12757983
12753685
12741936
12730297
12727005
12721499
12715356
12714343
12704597
12688152
12664077
12644348
12643151
12643150
12642780
12620265
12615294
12593709
12559213
12551862
12544904
12486208
12476794
12470987
12468416
12438290
12430059
12425361
12419479
12417540
12401749
12393098
12377295
12370538
12370214
12366822
12296849
12242532
12238241
12234276
12227130
12225608
12223108
12188028
12163211
12093315
12080455
12051066
12037728
12031974
11994264
11993695
11989789
11987667
11985951
11980379
11931716
11924836
11915559
11902817
11885412
11838324
11834771
11818473
11805547
11801891
11798626
11794488
11770321
11770241
11749664
11742901
11742871
11730160
11713141
11685305
11673760
11669476
11641653
11583827
11571595
11562850
11527673
11504579
11500606
11475668
11475582
11445733
11424141
11391456
11377108
11356713
11333844
11303142
11296694
11282800
11258203
11254521
11240336
11220406
11173707
11128362
11126271
11115349
11097735
11092432
11092431
11054608
11006923
10980970
10939100
10933303
10900718
10880413
10863333
10858245
10833833
10830255
10828872
10824953
10812891
10809290
10804689
10773118
10773114
10750526
10741380
10708190
10695741
10663284
10597780
10541834
10594196
10593678
10583710
10565346
10548194
10539713
10535879
10519503
10516374
10463945
10415206
10401943
10384198
10374366
10323371
10234406
10227928
10208339
10091259
10073949
10050336
10024546
9889493
9881838
9880418
9874578
9795802
9794114
9753343
9722286
9697451
9660252
9660214
9644945
9640074
9635249
9624339
9543355
9598460
9591005
9544487
9517615
9481099
9475496
9444882
9444608
9441573
10225744
9324431
9184712
9178142
9131199
9211609
9104145
9411170
9173819
9145457
8989832
8968550
8957441
9045571
8951167
8873636
8894167
8858015
9084538
8940684
8853450
8808810
8741321
8651772
8662135
8793590
8731800
8627025
8724375
8564056
8828098
8789139
8717184
8582941
7587886
7503287
7656627
7496449
8847162
7618716
7552981
8649163
7552389
7650259
17214182
8599283
7641427
7833630
7804798
7841603
8055362
8197534
8061745
7946191
7928636
7937607
8181287
8163652
8003742
8173310
8080494
8163752
8003464
8252893
8241109
8161370
8403245
8300243
8319458
8049885
8336417
8490763
8472134
8439002
8297563
8116691
7584019
7584015
1596202
1579588
1345694
1804674
1872494
1889276
1861211
1751169
2026566
1703726
1924435
1892227
1813705
1810527
1688107
2245606
2126279
2090585
2392413
2306356
1693973
2193578
2809510
2530174
2762816
2503949
2495848
12704435
2776273
2698089
2648413
2507974
2506573
2493973
3070147
2894546
3499503
3690017
3606230
3619980
3543821
3548198
3823775
3710728
4090176
2995229
4037521
4035561
3975751
3887340
4072507
3916477
3837048
6390082
6389009
6387899
6465992
6731104
6728668
6491037
6330885
6203442
6857952
6645731
6412428
6128217
7058150
7262623
7221656
6797178
7394491
6109443
620981
365897
341410
407459
849154
129799
235790
4479958
4218640
4592303
4947843
5558630
5700949
5846696
14113035
13246804
