
21126650
21125410
21119268
21095115
20980277
20952517
20860019
20857839
20830778
20795771
20698152
20696592
20685399
20669633
20660823
20589625
20582965
20572038
20571463
20539240
20535830
20487675
20484480
20458059
20448374
20426522
20395671
20385996
20363963
20332001
20216235
20216234
20209620
20207611
20145664
20124218
20121554
20118056
20038226
20033052
20016538
20016537
20016536
20016535
20016534
20016531
20016530
20016529
20016528
20016527

20010625
20010622
20010621
20010620
19812948
19917844
19884541
19850641
19825453
19805690
19660680
19747876
19727128
19694717
19688832
19648787
19645387
19594068
19564534
19553647
19536265
19476254
19475840
19459201
19415018
19405135
19394163
19326416
19307676
19301014
19293605
19293604
19282835
19224761
19206007
19198758
19194463
19194196
19125090
20668601
19050889
19041267
19036096
19015613
19011476
19006245
18989157
18946754
18937872
18928719

18924154
18854093
18831032
18824710
18822104
18804997
18804039
18776755
18766969
18755650
18716974
18704421
18703706
18681351
18648960
18619191
18570650
18569638
18566750
18565888
18504742
18491104
18489994
18454469
18437012
18429947
18427759
18398226
18383153
18363180
18362460
18342502
18309945
18308251
18306482
18293849
18289459
18285545
18258511
18196290
18191947
18184841
18182669
18176175
19305027
18089849
18064646
18064643
17984698
17981026

17973312
17971588
17962337
17952026
17949753
17947226
17924103
17901023
17896787
17889715
17786723
17786001
17763465
17729247
17721056
17712051
17710662
17652222
17640299
17633097
17627001
17606446
20425369
20425366
17583602
17577781
17575697
17522113
17483708
17462730
17455314
17454775
17442849
17414563
17401007
17382112
17356399
17339183
17308283
17243137
17233472
17209054
17200253
17190987
17170721
17169794
17138821
17124053
17114988
17091482

17087744
17080338
17066457
17061283
17058146
17058089
17054463
17043901
17021727
17008858
17003366
16973227
20425348
16935489
16921038
16894525
16884838
16848106
16813712
16809737
16794379
16700045
16700036
16640004
16628558
16615044
16609069
16602119
16568441
16562778
16551991
16541001
16533729
16522695
16467320
16456690
16452545
16426550
16421910
16412348
16411228
16406546
16395685
16369923
16326407
16314063
16284057
16266915
16258094
16258093

16247223
16216895
16212682
16193392
16189445
16184587
16169814
16154841
16141504
16131575
16048425
16035086
16035080
16020132
16020108
16013960
16001813
15995009
15994749
15978741
15956882
15951599
15933817
15926166
15918215
15891563
15891558
15891195
15806539
15794179
15773318
15754333
15749798
15738606
15723923
15714445
15698386
15695958
15651967
15650545
15599997
15579181
15569732
15562013
15561680
15559608
15543201
15518596
15515042
15472432

15472198
15337805
15257960
15251979
15237705
15226337
15218421
15202168
15180866
15178574
15177494
15175872
15162903
15162063
15139061
15135792
15127413
15127412
15124703
15124702
15122420
15101732
15051768
15019310
15012841
15009002
14968106
14966835
14752860
14752790
14752789
14741298
14695849
14675406
14645430
14628079
14616997
14590198
14565653
14561622
14559953
14513038
14512691
14512392
12953124
12917300
12885815
12865017
12847325
12831636

12818116
12815207
12729414
12721257
12720052
12707728
12692817
12688320
12663727
12637215
12605417
12581241
12571461
12566714
12565989
12552054
12531809
12531808
12528285
12525508
12524903
12503934
12490758
12479851
12467071
12454752
12426687
12406084
12387652
12376979
12373020
12358909
12350366
12153004
12143092
12139198
12110760
12095830
12095569
12091331
12060981
12057058
12054163
12040440
12038876
12036865
12036851
12026238
12011123
11995204

11992395
11990711
11990710
11990695
11990303
11987901
11979456
11979312
11972512
11972095
11965121
11920545
11908927
11908739
11878576
11878573
11873541
11858964
11857527
11857312
11846309
11836715
11773175
11757713
11754193
11722602
11701685
11600602
11598342
11594709
11587867
11562622
11527885
11517510
11466717
11455971
11453948
11443604
11432884
11421142
11418367
11410410
11395245
11391336
11378542
11369626
11368432
11331732
11354696
11345205

11333476
11286856
11283125
11276503
11253605
11241435
11236936
11195008
11187922
11187921
11187920
11187918
11187916
11187915
11187914
11187913
11187912
11187911
11187896
11147226
11147225
11145727
11127393
11072182
11071631
11070477
11070476
11056594
11044803
11037861
11025472
11023499
10989470
10975379
10951359
10944136
10942229
10918229
10914558
10914540
10864067
10864051
10842246
10828010
10820944
10799421
10797353
10797352
10791859
10779989

10779419
10731992
10731986
10720128
10720126
10715299
10695818
10657874
10653870
10649265
10645050
10642952
10627444
10624131
10618625
10612172
10599724
10598668
10594517
10577846
10553423
10569967
10561310
10524450
10502012
10500833
10484144
10472551
10470659
10458822
10447141
10443772
10438710
10438708
10406363
10402343
10398182
10396368
10396357
10355139
10326219
10326217
10230662
10229318
10223582
10214870
10206305
10203147
10102019
10093685

10086723
10081372
10080584
10048422
10023723
9950200
9891565
9885441
9876486
9876477
9876476
9874469
9865801
9858151
9856687
9850019
9850018
9846917
9808549
9797700
9797600
9787317
9776525
9763557
9756169
9755550
9747636
9743953
9743952
9723585
9713568
9707888
9699322
9697870
9696368
9696367
9695413
9691206
9680347
9662245
9661710
9657739
9656982
9649146
9628434
9628435
9628245
9618994
9618993
9589084

9589083
9586883
9516954
9552059
9472104
9540172
9472050
9531332
9522304
9508174
9499665
9494320
9452280
9440749
9428499
9428498
9383804
9402749
9386666
9329474
9251730
9296540
9600113
9256149
9256120
10717213
9322901
9232249
9196134
9177429
9143382
9244816
9177978
9164191
9121397
9689241
9239530
9211129
9174236
9128810
9057179
9053468
9049910
8986145
9147855
9501686
9378464
9158666
9090491
9065717

9065716
9021817
9021810
9010796
8998157
8950335
9003154
8970876
8968860
9132810
8972527
8874343
8952158
8888925
8888924
8892368
8839716
8823255
8704238
8689347
8649326
9372085
8979564
8858704
8819088
8819079
8752996
8652840
8652834
8837072
8816294
8656231
8737803
8705190
8847799
8740303
8722368
8648381
8641927
8624372
8618446
8935408
8622039
8611389
8838887
8660070
8640182
8577190
8531846
8555471

8919528
8887133
8881369
8596891
8571944
7494507
8625057
8552452
8552219
7595700
7595699
7595698
7567332
7496718
7662956
8719899
8563069
8550925
8519625
7623730
7557798
7500601
7639283
7635103
7574857
7607965
7606013
7541660
7782835
7588846
7577390
7577386
7494164
7492921
7478803
7570274
17590572
7749768
7642887
7537120
7721622
7718875
7700173
7700166
7619753
7850718
7626387
7599557
7599556
7990766

7852120
7852109
7848124
7844597
7844594
7715089
7704959
7823668
7895752
7717753
7711340
7989934
7861618
7982375
7960210
7933424
7949185
7862289
7945010
7871226
7866276
7813529
7984526
7967055
7858504
8059784
8040679
7971253
7944537
7923820
7913156
8025264
8021728
7950917
7526027
8204875
8201394
8200926
8048815
8048814
7803907
7803906
7803905
7803904
7803903
8066188
8060809
7943613
8151317
8141113

8048329
8006365
7886304
8026683
7516424
8018909
8155499
8152398
8108098
8084306
8058005
8058004
8019445
7935170
8262820
8161737
8136745
8402470
8410505
8410231
7692982
8222292
8157338
8392304
8361220
8328641
8328640
8321259
8319175
8508416
8320626
8262589
8217546
8144131
8397066
8378115
8354636
8348657
8337919
8333771
8292807
8498647
8487048
8467463
8375745
8317457
8104596
8443759
8495098
8445943

8445428
8445427
8511033
8492409
8449856
8444217
8427957
8426204
8426196
8515725
8492748
8492747
8477191
8477058
8460354
8443053
8433682
8426572
8416707
8406336
8262472
8232878
