10453451
9596665
14081240
18828225
16642363
17607955
16813456
17416937
17240813
17151323
17297726
17142144
17122108
17122107
17093397
17093164
17060630
17015954
17010222
17011878
16784810
17007750
16998159
16538453
16988120
16940309
16972424
16971895
16966632
16964358
16952093
16936087
16935586
16908818
16903078
16411107
16877067
16737970
16877271
16876520
16759390
16862071
16865798
16832023
16832021
16825452
16682139
16788130
16785756
16781457
16556618
16758045
16723490
16723441
16714268
16163497
16706653
16703545
16698483
16700102
16682518
16646746
16540295
16639014
16636653
16636651
16615672
16601905
16581613
16565362
16542245
16504073
16536606
16410047
16530626
16532418
16538712
16508432
16476896
16326027
16451252
16289047
16453935
16419135
16431970
16276076
16386999
16374043
15996712
16399908
16391639
16386082
16382580
16380590
16376645
16372518
16159309
16329063
16327057
16310481
16303930
16301983
16273301
16252232
15909159
16231561
16217103
16125120
16123441
16085102
16053555
16014706
15939388
16037236
16033748
16033354
16019690
16002805
15688159
15989382
15963792
16136677
15955978
15949677
15947501
15941896
15817458
15930459
15332106
15870159
15378233
15829657
15824226
15817851
15808518
15808240
15554873
15781285
15733987
15723005
15721616
15718824
15710820
15705234
15698585
15680633
15680629
15676194
15453828
15629823
15747748
15052489
15623347
15590586
15590581
15585735
15570017
15548814
15505060
15505040
15500827
15488784
15466574
15364709
15364708
15357838
15340926
15339717
15336688
15333717
15332016
15325986
15295623
15288992
15284371
15277175
15234126
15226474
15223793
15221791
15213039
15200203
15197064
15191057
15183097
15152078
15148207
15137922
15136320
15131676
15117055
15113712
15109913
15103217
15093654
15081040
14769795
15059710
15043535
15030835
15030831
15031152
15004498
14990266
14985215
14634019
14962143
14871913
14594998
14751239
14744895
14744887
14718298
14715066
14711717
14700645
20213362
15555461
15315140
15206752
15035390
14758437
14705912
14704513
14702729
14618343
14669873
14662284
14644713
14641161
14641151
14645992
14644226
14638739
14638730
14613325
14611169
14609922
14601845
14587307
14582629
14570397
14557172
14507863
13679014
12963609
12936943
12919321
12915499
12913326
12913324
12899840
12894935
12882800
12882504
12860799
12828795
12797657
12789135
12789607
12766044
12764900
12747649
12742535
12646558
12737551
12738076
12724537
12723015
12719994
12719077
12714647
12556224
12689911
12678277
12672909
12617708
12608514
12604442
12601109
12598453
12590476
12589772
12560110
12542348
12511345
12507634
12488270
12666821
12518238
12510718
12483320
12476098
12470150
12470757
12468605
12466170
12561751
12461675
12451199
12391305
12424401
12416643
12393336
12359594
12349900
12323084
12324306
12322788
12296455
12212355
12198005
12198000
12190777
12187426
12149277
12098721
12095808
12065859
12055467
12050963
12042450
12021020
12014918
11983208
11973099
11962062
11952488
11950232
11977225
11937081
11936443
11925463
11921203
11904436
11880586
11869993
11864861
11865833
11847973
11834836
11834431
11815895
11813087
11782816
11781404
11773026
11319602
11935973
11780662
11767031
11744402
11734513
11759670
11722962
11713067
11704028
11687553
11684226
11594943
11594942
11586849
11556819
11545630
11518758
11483088
11483080
11480793
11471092
11448323
11437346
11438049
11431457
11431456
11408722
11405839
11399447
11371515
11341748
11328743
11284749
11274079
11273666
11231774
11244341
11242491
11226974
11157883
11157880
11180970
11176989
11217779
11133874
11125270
11235526
11271724
11201054
11198785
11113618
11131413
11124296
11113564
11110031
11105422
11097285
11074813
11040905
11007653
11006220
10975909
10973733
10970259
10930323
10919908
10892877
10859634
10859693
10812328
10801969
10798665
10784296
10783012
10727845
10721964
10711880
10707918
10670462
10644423
10644699
10634623
10500021
10500020
10487974
10487973
10453451
10446145
10420210
10420182
10416747
10389019
10384386
10375457
10372880
10369597
10362745
10221316
10220044
10213241
10201600
10197566
10192649
10192648
10102299
10102298
10067148
10067978
10067908
10048318
9989692
9951468
9888455
11270984
10749028
10703140
10641899
10600955
10588299
10580784
10574810
10577586
10550792
10549173
10535780
10532448
10389502
10218307
9972342
9928453
9878221
9869797
9870557
9865942
9855158
9843937
9828775
9805346
9799882
9789763
9787106
9691169
9685016
9676703
10180285
10180284
9638503
9596665
9593382
9591958
9515056
9541436
9514479
9516360
9488687
9490287
9445205
10532727
9527321
9479004
9407369
9402831
9375581
9322567
9293517
9286268
9248254
9243308
9237865
9237786
9201431
9189046
9187476
9185034
9061308
8895823
9095469
8987484
8979159
8942384
8940275
8917800
8906349
8906300
8896142
8886325
8871145
8843129
8836981
8829174
8829173
8828633
8825017
8825016
8820385
8792359
8781465
8759440
8759353
8755643
8694736
8753140
8727977
8727968
8680624
8667919
8690039
8695567
8676534
8648562
8641826
8552404
8899300
8751336
8680613
8534650
8646578
7499098
7487619
7585237
7492603
7585210
7550309
7595066
7661746
7661743
7656586
7599220
7789408
7786215
7775104
7752427
7730010
7703194
7880795
7843899
7840110
8790615
8719284
7723209
7851112
7803358
7979439
7933690
7933422
7917442
8088827
8016457
8179050
8139397
8311777
8115119
8308190
8278187
8268853
8263267
8233712
8224023
8212793
8363468
8360018
8333268
8512984
8512476
8446051
8438779
8436894
8430725
7678730
1301795
1297808
1488898
1486813
1486302
1485742
1464494
1281403
1442549
1428553
1399417
1392884
1528989
1326494
1506606
1501324
1386350
1607246
1579592
1543459
1369641
1823864
1669288
1944754
1929958
1914507
1882940
1875015
1855545
2034984
1672483
1993036
1985409
1985408
2150655
2080901
2283086
2282300
2282069
2265673
2223702
2095758
2381881
1973655
2360923
2323463
2306473
2487281
2637122
2632449
2629606
2534164
2608680
2608675
2608662
2807791
2772850
2762385
2755866
2818712
2706206
2920151
2916580
3256496
3253207
3232508
3266001
3205166
3195590
3186203
3184551
3421236
3417397
3389322
3375240
3345151
3277606
3509278
3508773
3332678
3441221
3438059
3436085
3424223
3696699
3653439
3653275
3039892
3105963
2951269
3828279
3828268
3443498
3299197
3026827
2948509
3793397
3466458
3736677
3734309
3733338
3702587
2931989
4037602
4036556
4033154
2409505
3159698
3993343
3974895
6097508
6334510
6333320
6476060
6735660
6707856
6696031
6591588
6138744
6883704
6859192
6301966
6839928
6820339
7171526
7114136
7093179
6799362
7055541
7311660
7289691
7278370
7275246
7261397
6789268
7253764
7234715
7458742
7410186
7402139
6995820
7389580
485004
112833
106020
286373
285493
748308
740364
658992
655230
655164
640788
74495
615147
303483
848399
848392
556804
993066
947404
1247408
1193811
1138843
803938
803441
4415616
4370075
4818811
4818807
4816856
4708638
4689172
4631775
5030227
4536856
4110021
5128191
5124019
5098705
4256038
5528146
5283435
4104195
4249880
5386376
4243128
5394632
4242004
5824918
5782535
5739738
5733917
5729527
5728733
4877320
5232250
5226577
5226576
5226568
14290874
5297924
14126361
14288243
14282998
14282991
14282988
14247249
14234015
14211920
14208039
14180542
14131498
14081240
14070989
18170767
14438154
13361642
13196994
13103879
12999568
14851083
14829572
20985825