22410628
22410570
22408217
22408008
22405330
22399687
22397302
22394043
22393936
22391881
22387137
22375926
22374157
22374156
22369482
22366902
22362012
22356602
22350060
22349216
22348027
22347793
22342521
22333851
22333752
22333238
22331974
22330397
22330396
22324898
22323489
22313522
22296808
22286029
22281826
22281388
22279734
22277908
22274757
22273721
22269605
22269083
22259223
22258164
22255206
22247465
22244091
22240359
22238088
22237713
22223501
22222760
22222262
22219646
22218150
22216222
22210152
22209824
22207117
22205983
22205601
22205354
22202067
22193875
22192509
22189750
22187311
22186740
22183743
22178979
22177090
22169226
22168366
22165102
22159019
22152341
22152024
22138732
22137027
22129485
22121091
22112056
22110076
22105941
22084223
22084216
22084158
22081232
22081028
22079961
22067481
22067014
22065764
22065212
22060670
22058334
22056912
22050528
22049493
22048009
22045265
22039251
22039248
22039246
22039244
22037456
22033104
22030354
22029535
22029355
22027863
22027699
22025893
22007913
22003107
22002418
21995551
21991797
21989725
21989111
21988875
21986085
21979997
21978133
21978097
21975952
21970950
21969910
21969589
21968508
21968016
21964287
21961034
21951313
21930971
21928268
21928264
21921978
21917937
21916588
21914265
21909619
21909460
21907969
21904394
21900375
21898270
21896850
21890787
21890195
21889817
21878855
21878505
21873678
21873672
21873668
21872935
21870507
21866074
21866073
21862646
21862641
21860574
21857392
21854772
21854654
21851923
21851922
21851170
21850440
21850179
21850158
21849422
21844452
21844367
21843641
21839520
21829675
21829404
21822162
21816153
21810984
21810019
21801873
21791509
21790112
21778272
21775925
21750722
21743006
21738232
21733918
21733363
21732575
21725716
21724914
21722988
21715345
21713242
21712024
21708377
21705687
21704569
21703414
21701525
21693613
21693609
21693602
21690377
21685337
21684273
21683142
21679916
21672183
21668780
21663493
21661668
21658792
21646979
21642901
21641389
21641040
21633121
21622701
21620963
21620822
21620475
21617757
21609235
21609233
21609231
21609224
21609221
21606888
21604238
21603979
21601064
21597485
21597483
21597307
21566137
21560855
21559389
21556939
21555613
21555609
21552568
21550687
21546529
21546514
21545354
21537472
21527754
21524648
21521942
21520054
21517972
21508107
21503168
21499768
21496928
21494878
21492959
21487926
21485975
21483039
21480547
21478786
21476310
21474772
21468344
21464132
21461221
21460262
21459217
21457933
21454496
21448811
21447990
21447688
21447680
21443427
21442725
21440663
21439646
21436265
21432767
21427630
21427574
21425492
21415062
21412326
21411747
21410906
21407799
21402976
21401018
21400066
21398287
21398279
21389740
21386915
21386905
21386760
21386757
21383943
21381277
21374591
21374562
21369818
21366429
21364963
21364907
21362376
21362278
21358461
21358457
21357400
21357388
21349921
21348596
21343873
21339308
21330666
21330654
21330141
21325872
21322544
21317834
21317216
21310902
21309688
21307887
21305720
21302709
21297615
21296825
21296819
21296816
21295945
21293735
21293312
21283166
21275945
21275514
21273945
21273542
21273541
21255569
21253747
21252945
21252205
21245404
21239617
21237188
21234591
21226415
21225138
21221629
21221050
21220626
21220625
21220018
21209887
21198162
21198152
21196232
22384649
21191446
21191149
21187733
21183512
21182214
21179236
21179233
21178657
21178141
21176610
21174599
21166406
21157398
21157072
21156790
21153576
21153575
21153574
21151645
21151329
21150696
21144093
21140368
21140364
21139979
21139695
21139676
21137477
21136491
21136072
21130699
21126770
21123769
21121126
21118372
21117611
21117609
21117594
21113345
21113084
21112485
21098885
21097504
21096261
21094712
21093923
21093104
21091941
21091228
21091001
21088948
21087962
21087969
21087957
21082604
21076393
21075840
21074498
21072178
21071746
21071745
21071739
21071730
21067488
21067487
21057522
21056515
21051733
21051730
21051716
21044678
21042291
21035861
21031020
20978740
20978168
20976146
20971787
20970772
20970106
20966822
20966821
20962354
20956281
20951826
20950585
20949024
20937997
20931136
20930852
20927586
20925582
20925238
20922251
20922038
20921926
20920826
20920825
20890240
20890237
20887243
20887241
20884126
20883691
20883345
20883330
20881306
20881028
20879805
20878175
20876139
20875634
20861866
20860013
20859770
20849638
20847757
20846177
20836858
20829889
20827138
20825070
20823932
20820671
20813971
20811156
20807710
20805126
20805123
20805121
20802176
20799817
20740395
20737163
20734986
20720227
20720223
20714991
20714746
20711712
20711711
20711707
20711706
20711704
20709808
20706285
20703496
20703043
20703034
20702817
20699627
20696156
20689191
20688753
20688727
20683548
20683378
20680098
20679689
20678804
20678803
20678467
20674083
20671587
20670344
20668667
20660596
20655036
20653688
20653480
20653475
20651235
20648068
20636487
20633576
20630597
20629669
20625046
20623466
20623228
20610478
20609708
20609705
20607658
20601659
20599960
20599660
20594164
20592234
20590393
20584018
20577857
20576765
20576764
20576249
20574416
20574027
20574019
20571805
20567027
20565318
20565311
20565308
20564555
20559680
20557944
20554607
20552437
20547953
20543764
20541263
20540371
20539255
20539254
20539001
20537394
20537310
20535478
20533049
20533044
20532952
20532523
20532519
20531144
20530484
20530179
20523357
20517636
20517175
20516725
20515810
20514800
20514315
20510687
21811649
20508051
20507925
20505210
20505194
20499266
20497365
20496152
20494910
20494772
20494651
20493466
20492542
20484850
20479888
20471687
20463807
20463314
20461401
20458264
20457981
20452090
20447109
20445108
20428236
20414784
20408179
20408082
20401571
20401560
20395978
20394766
20393742
20393116
20393111
20388353
20388346
20386096
20385935
20382825
20379735
20376478
20376327
20375343
20373901
20368460
20368092
20367599
20363675
20361964
20360305
20357200
20357194
20353515
20349399
20349192
20348463
20346890
20346087
20337261
20307034
20307033
20301590
20238044
20238043
20238040
20238014
20238009
20237249
20223556
20221855
20220058
20220054
20220052
20213477
20212206
20210699
20207970
20206163
20205602
20204659
20204129
20188089
20186279
20185837
20181788
20176401
20171741
20169358
20169357
20168272
20164818
20163870
20163861
20159768
20157617
20157553
20155702
20153624
20151276
20150926
20149621
20147325
20143541
20142545
20138605
20132989
20128570
20112799
20108567
20107178
20102679
20102350
20099228
20098912
20098346
20096366
20094089
20082152
20080320
20079925
20078105
20075974
20075967
20072643
20066766
20059996
20059284
20059261
20057343
20053664
20045563
20042644
21473085
21469528
21373383
20037902
20035923
20027942
20027805
20027419
20027413
20024687
20019764
20010321
20010320
20008714
19997644
19996817
19965832
19965817
19961953
19958296
19957037
19952998
19952990
19952989
19952987
19952985
19951942
19951598
19949834
19948287
19939252
19936204
19934828
19934816
19932443
19917302
19911018
19901210
19898185
19896189
19895809
19892876
19883762
19881397
19878758
19875668
19861754
19854291
19854211
19853238
19852577
19850830
19850583
19844189
19841260
19836390
19834034
19824440
19823863
19822922
19822862
19815294
19815291
19815280
19800359
19799898
19797256
19797228
19797223
19797209
19796758
19796620
19791582
19787618
19787617
19787614
19787606
19784391
19778186
19772281
19769866
19765607
19763758
19760223
19759330
19759170
19752583
19752426
19752423
19751815
19750828
19750233
19747980
19741732
19734763
19733830
19726434
19725431
19723623
19718270
19715223
19713197
19710412
19706019
19703486
19698799
19697837
19696702
19696182
19696174
19694607
19692384
19692368
19682985
19679174
19674731
19673453
19673452
19668559
19666736
19658190
19656588
19649122
19643488
19643484
19634743
19631134
19628740
19624346
19616854
19608872
19607829
19606807
19604160
19603376
19597740
19597114
19590888
19589398
19587596
19587126
19584658
19584657
19584655
19580809
19578022
19578017
19576062
19574712
19574239
19573860
19567368
19559717
19553623
19553610
19547718
19541290
19541286
19535358
19533190
19524565
19521979
19520558
19517839
19516116
19516002
19508461
19503741
19499230
19499227
19494642
19494206
19494200
19492002
19485299
19485298
19485293
19478825
19478335
19469037
19469036
19459869
19458341
19458325
19451732
19450445
19437483
19435712
19434059
19430281
19428945
19427620
19422566
19421767
19421764
19421409
19420333
19416079
19413901
19410956
19410954
19410953
19409449
19408862
19408858
19407013
19406737
19406105
19403111
19398034
19390692
19390436
19387078
19386604
19384784
19380252
19379482
19376587
19375515
19375447
19373580
19365036
19365013
19358843
19357355
19348185
19347139
19343351
19340431
19339810
19337953
19330346
19324865
19324038
19320301
19320297
19320296
19319009
19317054
19308441
19304587
19298908
19289983
19284105
19284097
19281810
19279306
19278482
19278475
19277984
19276871
19274853
19273790
19273471
19270489
19264882
19262439
19259252
19259245
19255159
19254715
19247683
19243827
19241195
19239420
19236582
19234943
19233170
19232732
19232559
19232558
19228475
19223990
19223767
19217903
19214553
19211609
19205507
19205500
19204236
19197318
19195172
19194480
19188685
19184311
19184082
19183855
19182494
19182260
19174716
19174401
19173161
19173160
19172471
19171648
19171212
19169603
19169509
19169331
19169229
19168900
19168893
19167082
19158083
19157563
19157552
19157028
19152869
19151655
19151642
19151392
19151387
19145251
19136707
19136057
19130075
19129916
19128888
19123655
19123156
19119326
19118698
19118548
19117919
19117272
21152244
20528731
20377369
20228934
19112870
19112868
19110962
19096246
19094171
19094168
19093006
19091420
19088465
19085786
19079868
19074915
19071111
19064845
19060287
19060278
19057677
19039333
19038374
19032681
19029035
19029031
19026761
19021032
19017362
19016662
19013153
19011018
19009282
18997640
18997061
18996115
18995912
18992244
18986598
18982917
18974527
18971847
18971240
18955047
18952645
18951425
18951308
18949911
18948096
18940262
18939994
18937807
18936715
18936151
18936143
18930551
18929353
18929171
18926821
18926817
18926795
18925410
18923060
18852430
18849347
18848639
18848316
18843739
18838410
18835041
18827740
18827739
18823256
18817863
18815272
18810327
18806298
18806290
18801361
18798082
18784628
18784620
18783494
18782803
18782798
18782335
18779708
18779501
18779490
18778703
18775865
18775790
18773265
18772807
18772178
18769672
18767495
18766995
18766988
18766364
18761482
18753640
18752526
18752521
18728623
18727667
18721807
18718666
18712653
18711290
18711276
18703055
18698305
18696346
18696097
18695102
18685542
18682809
18676633
18676629
18676627
18675694
18673326
18672295
18669545
18667957
18665154
18662918
18661440
18655458
18642209
18642022
18640112
18636083
18635153
18628724
18626744
18626416
18621729
18621565
18620612
18619572
18617755
18612233
18609494
18609479
18606153
18600492
18600247
18586903
18586875
18579132
18577647
18577644
18574012
18569800
18566473
18566438
18563047
18563034
18551295
18547537
18546010
18545220
18541850
18541840
18538409
18536597
18536596
18535614
18535608
18535607
18535381
18535016
18532859
18525218
18523633
18516775
18515594
18515591
18515589
18515570
19668738
19668735
19668732
19668729
18509668
18509548
18506364
18502512
18494742
18487376
18486216
18484815
18484796
18483561
18479492
18477856
18474778
18469279
18465973
18463687
18458936
18458934
18454407
18454379
18450596
18441370
18441313
18441298
18441172
18439567
18439563
18436846
18436525
18436167
18430038
18427598
18425070
18421882
18421240
18421225
18421224
18421223
18421081
18421079
18420195
18412594
18408838
18408176
18405876
18401795
18401791
18401327
18401296
18398579
18397210
18392142
18391176
18390639
18390637
18385095
18385084
18385077
18385042
18382621
18382494
18379948
18378583
18373301
21603555
18369068
18368902
18363913
18359774
18355809
18351540
18351374
18346731
18346089
18344963
18344451
18344448
18342827
18332316
18332311
18332310
18327145
18327138
18327133
18327131
18326755
18326752
18326751
18326750
18326746
18326700
18326691
18326611
18326047
18316701
18313664
18313050
18308304
18303234
18303233
18299878
18299845
18299840
18299834
18299083
18296924
18296655
18293269
18289629
18288886
18288287
18286964
18268216
18266692
18263814
18263809
18254359
18254354
18253836
18252232
18240600
18239678
18235926
18235918
18235029
18235025
18234989
18234239
18227201
18226801
18223656
18223244
18222193
18220619
18203105
18199972
18196261
18195011
18191835
18191658
18188954
18188944
18188796
18185158
18185134
18182060
18179881
18173705
18173417
18172119
18172117
18172114
18172075
22096347
19626797
19277247
19277246
19277237
19277221
18157312
18096158
18086241
18085472
18075744
18071735
18067970
18061270
18061136
18058136
18051818
18050922
18050818
18050131
18050130
18050129
18048333
18046248
18040252
18040235
18039616
18036592
18034271
18033547
18032574
18028234
18007943
18003121
17998509
17995985
17994438
17994272
17981333
17977529
17972093
17967453
17965102
17962470
17962469
17951911
17947829
17947113
17937965
17937924
17935607
17932867
17932319
17923545
17921253
17920328
17917739
17915218
17913524
17901972
17899118
17898938
17898434
17898259
17897526
17894678
17893662
17892891
17891059
17891024
17891019
17891017
17891013
17891009
17890782
17890668
17873771
17870069
17868874
20938484
17846364
17828143
17825288
17804926
17803437
17785294
17768570
17763233
17728553
17726802
17726740
17726222
17724224
17724220
17722514
17718892
17718227
17704936
17698758
17698019
17691336
17687913
17685561
17684413
17683251
17674015
17672091
17672048
17671950
17671940
17666404
17664227
17662275
17662096
17662094
17659961
17657692
17656467
17655816
17653724
17653567
17653552
17653551
17652760
17652758
17652753
17652752
17647122
17646752
17641681
17641680
17631851
17628685
17628122
17615538
17613327
17612972
17612971
17603771
17601426
17599415
17595493
17591911
17591907
17591865
17586493
17584283
17581700
17579295
17578916
17576713
17576381
17573649
17567659
17567569
17564931
17563727
17562066
17558322
17558314
17558313
17558312
17558024
19547079
17554485
17553492
17552428
17548202
17544790
17544787
19668505
17535365
17534114
17532250
17532054
17525280
17525229
17509509
17509508
17504849
17502503
17498306
17488462
17478338
17477921
17477727
17472800
17470235
17470234
17467536
17465722
17460590
17460582
17460294
17460247
17458814
17458812
17458796
17458791
17453958
17452182
17440275
17430522
17430505
17429493
17420697
17420696
17420694
17420386
17420006
17417605
17416941
17415699
17415530
17408387
17403025
17402564
17401321
17399790
17399700
17392682
17389514
17389471
17386276
17385118
17383997
17382319
17380318
17378161
17376502
17369776
17361457
17361254
17342797
17339482
17337060
17334231
17332766
19668463
17325184
17325182
17325179
17325134
17324698
17324697
17324604
17324219
17318562
17318098
17317398
17317396
17317395
17316894
17313944
17306793
17303061
17300567
17298102
17296904
17293777
17292886
17292475
17292356
17290202
17290201
17287977
17287673
17287670
17280640
17270675
17270046
17267030
17265790
17264485
17259917
17251486
17251452
17251448
17245315
17239336
17239185
17237674
17237672
17237671
17237428
17225922
17212554
17210853
17205626
17198852
17198023
17197560
17197552
21289936
19454069
17187248
17187026
17186263
17181625
17173013
17167405
17166893
17164681
17162908
17162902
17161864
17160199
17159440
17157598
17157597
17157580
17152543
17152538
17151507
17151495
17141036
17139490
17135336
17132455
17123619
17122141
17122140
17119995
17119737
17111146
17109857
17102019
17102007
17097084
17093164
17087988
17085443
17084803
17083932
17083554
17079491
17077116
17076632
17076036
17075759
17074565
17070694
17069929
17065531
17065470
17062902
17061236
17061235
17061226
17061221
17061219
17060630
17058209
17053109
17052490
17050580
17043772
17035275
17033682
17032466
17032001
17024435
17022631
17021323
17017200
17017194
17012258
17011853
17010222
17009895
17003459
17003457
17003453
16988843
16988632
16988630
16988128
16988120
16987900
16987895
16985523
16977431
16973663
16972253
16966623
16966149
16965511
16965488
16964358
16963850
16962787
16961994
16961978
16961514
16959248
16956913
16954704
16950247
16949576
16938854
16936967
16935604
16935337
16929069
16927789
16927777
16927755
16927227
16903520
16892644
16888236
16885924
16885834
16883959
16879587
16879565
16877421
16877089
16869503
16868779
16865194
16861030
16854824
16845209
16844785
16842779
16842164
16832030
16832024
16828507
16825281
16823865
16815269
16815256
16815247
16813456
16807368
16799065
16799056
16799055
16793007
16792735
16787141
16776857
16770733
16769835
16761643
16761259
16761258
16759390
16755682
16754848
16754647
16754206
16740060
16724865
16724444
16723490
16723483
16723482
16714263
16706653
16705449
16703556
16703554
16703548
16684524
16682026
16681052
16680100
16679795
16678528
16673139
16671902
16650677
16645629
16643767
16642363
16638746
16638178
16636205
16634936
16626442
16622093
16619828
16619816
16619815
16614581
16613924
16613501
16603966
16600989
16600174
16598467
16597663
16584730
16580739
16580665
16567277
16565760
16565411
16565404
16565395
16565362
16564819
16562511
16557175
16547324
16547309
16547308
16543926
16540489
16539047
16534050
16531281
16530760
16525824
16523298
16514489
16513455
16507916
16505012
16504212
16500771
16500769
16496255
16491817
16490490
16488950
16487969
16485860
16476887
16472837
16468547
16467860
16467690
16460314
16458968
16458713
16458709
16458093
16454650
16453125
16453022
16445433
16440007
16433800
16431974
16431971
16431947
16424532
16424516
16421742
16417019
16411761
16408490
16406547
16406543
16406542
16402947
16399908
16395226
16395157
16395155
16395138
16392036
16386991
16386982
16386980
16386082
16380590
16380117
16377232
16376680
16376656
16376649
16376639
16374334
16374046
16364396
16364296
16364294
16364293
16362205
16361672
16361667
16352475
16343125
16341834
16340530
16340527
16337882
16329065
16328932
16325706
16324700
16315046
16310326
16309781
16303930
16299144
16290049
16286634
16286623
16286620
16286612
16286610
16283987
16282372
16262907
16259980
16255689
16255686
16255685
16251428
16249513
16249470
16245751
16245197
16238035
16234445
16226539
16215754
16205572
16199085
16197342
16191328
16188231
16186115
16183127
16181282
16179516
16178159
16174869
16167083
16156149
16151782
16151772
16141866
16141861
16141858
16137964
16136393
16133030
16123558
16123538
16123448
16123441
16123437
16123435
16123398
16123016
16113359
16109650
16102727
16099945
16086957
16081535
16080911
16079201
16077357
16077356
16077186
16061094
16059580
16052823
16052171
16051364
16049360
16044324
16044069
16043869
16033346
16030499
16029884
16029285
16026270
16024015
16023990
16020270
16019000
16009834
16009831
16005869
16001389
15999715
15993845
15983816
15981488
15980245
15979212
15973626
15965958
15965671
15965170
15965168
15963937
15953638
15953392
15953116
15947805
15946260
15945015
15939032
15933608
15933592
15931547
15923004
15921745
15916761
15911146
15909160
15906061
15905953
15905951
15901897
15898337
15894915
15894914
15892078
15883846
15883281
15882908
15882904
15882903
15878064
15878062
15870597
15870573
15870200
15870199
15869427
15867475
15867305
19495226
15860319
15860303
15860286
15857886
15851950
15851580
15851579
15850812
15840330
15834599
15834083
15829498
15823717
15814468
15813972
15812777
15808518
15808248
15808240
15806375
15805900
15805899
15804840
15804763
15803179
15792847
15789063
15788408
15785976
15781285
15776012
15767907
15767473
15767075
15767053
15762089
15761122
15759854
15751262
15751261
15749821
15749308
15747751
15747748
15734019
15734003
15733989
15732626
15728565
15728561
15722325
15718832
15705234
15698585
15671301
15670802
15665353
15665351
15657691
15656089
15656086
15654125
15652849
15652822
15652531
15650855
15641772
15638109
15638107
15629318
15629314
15627199
15624672
15618134
15610977
15603060
15602404
15599809
15589692
15583429
15579992
15579989
15575813
15573943
15559311
15557458
15557456
15548812
15548806
15531340
15531336
15531316
15523197
15522371
15518232
15513473
15513445
15513433
15511280
15505069
15505061
15505040
15500763
15492631
15492624
15491487
15490188
15488784
15481226
15479453
15474577
15459788
15452096
15452084
15452081
15452079
15452076
15451424
15448991
15389527
15381031
15378383
15370544
15370542
15369813
15369812
15369811
15369810
15369809
15365174
15364723
15357838
15354085
15336507
15335307
15326154
15326147
15326146
15326099
15325913
15325575
15325568
15322982
15316735
15312034
15309976
15309554
15302349
15300442
15300389
15300115
15300099
15295668
15289151
15289134
15288381
15286663
15282675
15277666
15277504
15277465
15269309
15252347
15249368
15249366
15249365
15249363
15234283
15234128
15229324
15224189
15223823
15223787
15218775
15218101
15213039
15205247
15203188
15197063
15191057
15187665
15185446
15185118
15183097
15180254
15180252
15177973
15175915
15161865
15159235
15148739
15148217
15147719
15138766
15136324
15126177
15123717
15122543
15117055
15111615
15111613
15111578
15109913
15103216
15097890
15097879
15096582
15093654
15090415
15085972
15078679
15078661
15076961
15069569
15069441
15068825
15067560
15064971
15051202
15040772
15037123
15031176
15029048
15022248
15022247
15019331
15013900
15013882
15013875
15013865
14999412
14997320
14986008
14982971
14982938
14974711
14967796
14766062
14766060
14764336
14752701
14750596
14746609
14745682
14745559
14744916
14744914
14744895
14744883
14740997
14740226
14739926
14729357
14722782
14715704
14715066
14714187
14711438
14707823
14707822
14704944
14702726
14700659
14693786
14691731
14691394
14691185
14691182
14685874
14685872
14685281
14663593
14661539
14659964
14659961
14653619
14644236
14632616
14628146
14624301
14620037
14619630
14618343
14618342
14616515
14611947
14611934
14609839
14604266
14598712
14597548
14597066
14594998
14586234
14576455
14574273
14574254
14573972
14570397
14570098
14566975
14557178
14557174
14531624
14522774
14519767
14517584
14516830
14516825
14516809
14516424
14513828
14507896
13679014
13129869
12975481
12974027
12973391
12972754
12967868
12963611
12960208
12955625
12955441
12944416
12937992
19466083
12930159
12928683
12928288
12923198
12918269
12917167
12913326
12912687
12912686
12910200
12892646
12888061
12885930
12883916
12882822
12882821
12882816
12882504
12881347
12881338
12834693
12834687
12828795
12824840
12824837
12824827
12824275
12819609
12818346
12809157
12802343
12799274
12799245
12789531
12788140
12787796
12770976
12764254
12752047
12750104
12750100
12749285
12748803
12747426
12746610
12745003
12742848
12742845
12742535
12742358
12729035
12727382
12724643
12719987
12714662
12714661
12714659
12714405
12714394
12708040
12707610
12700041
12697422
12697333
12682280
12695253
12689885
12689879
12688665
12682762
12678279
12677493
12675480
12672909
12671074
12664362
12658548
12653082
12652224
12646558
12644950
12638126
12634104
12632995
12626691
12623830
12614755
12614752
12614564
12610837
12608516
12601061
12598468
12598444
12597922
12589452
12589451
12580029
12579918
12579911
12579693
12579676
12571775
12570007
12566039
12566021
12565808
12556414
12547700
12545699
12543754
12543747
12534047
12523905
12523904
12518242
12511340
12510715
12506283
12506089
12506055
12504720
12504712
12498777
12494369
12485276
12483320
12483020
12474452
12474305
12470749
12470150
12470147
12462729
12458871
12457848
12452788
12445216
12439660
12430039
12430038
12429257
12429242
12429241
12427071
12427055
12424324
12419474
12410974
12407170
12407165
12397427
12391305
12383815
12383814
12377190
12368224
12365660
12365615
12359594
12359593
12356840
12355694
12355692
12297308
12271373
12271363
12242346
12239351
12238278
12234886
12234885
12213170
12208724
12208274
12208272
12208254
12208245
12204208
12198005
12192461
12190783
12187426
12172115
12172114
12172105
12167462
12164262
12160730
12153801
12153800
12153104
12149277
12147610
12140213
12140211
12140029
12140028
12136283
12135000
12127329
12123641
12095838
12091448
12076078
12073064
12073058
12072560
12067593
12065859
12062535
12058502
12058047
12055463
12049594
12049355
12048518
12045892
12037009
12037001
12036692
12036691
12036642
12034690
12034682
12032738
12014918
12014844
12005165
12003607
12003606
12000960
11992874
11992861
11981641
11980860
11954779
11954774
11952478
11950236
11944854
11944848
11942550
11934323
11934318
11933894
11931803
11931085
11927860
11925855
11917797
11917794
11917792
11914205
11913895
11904445
11904436
11884880
11884876
11884873
11883603
11880588
11880586
11878827
11877242
11871078
11867573
11865536
11864892
11860971
11857735
11853720
11846519
11833267
11828761
11821400
11820698
11818390
11817022
11815350
11814109
11812425
11786055
11801512
11797324
11797312
11778720
11773043
11773041
11773011
11772599
11761561
11756884
11755843
11753416
11748590
11731896
11730667
11727737
11725768
11723822
11722962
11713080
11709015
11704049
11704030
11704028
11702642
11694651
11692611
11687553
11687544
11684387
11681632
11681510
11594942
11642379
11642370
11594990
11594975
11591914
11587915
11583679
11581213
11572602
11570044
11566033
11556819
11556487
11552410
11544476
11535463
11530371
11530369
11530074
11530072
11530051
11530049
11527954
11527930
11512251
11508889
11508882
11502868
11501523
11494688
11486596
11482335
11481282
11479184
11476672
11462159
11453866
11450768
11450763
11450762
11450761
11450731
11450495
11450472
11444627
11444532
11440833
11433640
11431456
11431454
11431429
11412975
11405843
11406953
11399936
11393613
11384575
11382645
11381070
11373709
11361022
11360402
11349933
11344719
11341898
11341897
11341895
11340884
11336949
11336937
11328748
11328747
11322057
11296028
11316723
11316702
11309740
11309100
11304818
11297490
11292425
11292411
11286898
11280875
11278627
11274085
11273666
11271465
11264137
11264131
11248820
11240488
11240307
11238064
11228314
11220267
11220263
11222543
11196358
11195748
11193945
11193943
11192837
11190376
11180970
11176983
11167285
11167241
11167229
11162979
11161735
11157883
11157880
11146727
10752961
11134897
11133874
11133845
11131419
11131418
11131412
11130169
11130160
11124298
11124297
11120556
11109553
11097607
11097601
11097591
11097285
11076352
11071039
11059586
11058741
11054001
11053311
11053297
11050159
11049953
11039424
11039418
11033038
11033144
11031817
11031812
11030841
11030816
11023002
11011682
11006290
11006220
11004293
11004292
10993949
10990048
10982039
10977220
10974291
10973733
10971511
10969523
10967076
10967068
10966957
10965253
10950411
10937551
10934867
10934866
10934864
10925530
10919917
10916388
10913655
10913649
10900106
10896362
10896358
10896355
10896343
10896339
10896337
10896035
10892878
10892877
10889114
10889113
10880384
10873986
10865992
10865314
10863693
10859505
19404357
10857830
10857829
10854112
10852960
10847508
10847504
10847503
10847500
10847497
10847712
10837298
10829132
10827458
10815155
10815153
10811076
10806432
10802658
10798668
10797971
10793542
10790572
10789173
10783952
10783949
10783946
10783945
10783012
10781511
10773975
10768343
10768341
10768338
10766277
10766135
10765965
10764858
10758223
10746123
10744197
10739165
10737974
10734740
10734732
10720916
10715376
10715399
10711711
10703136
10702598
10696759
10696755
10696745
10690836
10684831
10682974
10676785
10674720
10674708
10670481
10660648
10654164
10653408
10643311
10641899
10636410
10634627
10611098
10612508
10611353
10606456
10606454
10541896
10590581
10588831
10581009
10580659
10580344
10577532
10574816
10571394
10562659
10562657
10562656
10562654
10562651
10554549
10552157
10550790
10550789
10542133
10548114
10546938
10546937
10544978
10537778
10532443
10520238
10511047
10511046
10511028
10509640
10504270
10496392
10487973
10486685
10485559
10485549
10484190
10482110
10482093
10476804
10466585
10459619
10459618
10458300
10458190
10458173
10457680
10454290
10453731
10450372
10446145
10443127
10442900
10440387
10440382
10440243
10438154
10434866
10433935
10427103
10424308
10420956
10420367
10420365
10420198
10420191
10412977
10394929
10392667
10381270
10381676
10375440
10374823
10372889
10372880
10369267
10366077
10366071
10363515
10360305
10359338
10339972
10328390
10329419
10328389
10327351
10230598
10218695
10218204
10218199
10214061
10208265
10208258
10205271
10206579
10192799
10095352
10090581
10089744
10088741
10086384
10085626
10071156
10070514
10067982
10067978
10064614
10037562
10025147
10025142
9990329
9987631
9986742
9951642
9951641
9951634
9951473
9950604
9950614
9933011
9924363
9924293
9920499
9893832
9893831
9893587
9891890
9888444
9885385
9881564
9869793
9865188
9860016
9848073
9843937
9843259
9831766
9828775
9828636
9828634
9804148
9801039
9787351
9782465
9761302
9761278
9759404
9754164
9754019
9747493
9747047
9744367
9743936
9743935
9734800
9733590
9724002
9721485
9716335
9716197
9715689
9713794
9709751
9709749
9703720
9700209
9695798
9695092
9693284
9691169
9685799
9683951
9683152
9679014
9677572
9676703
9672216
9663844
9662395
9646087
9644667
9643020
9564695
9564691
9564688
9639442
9627657
9533831
9625549
9623260
9620067
9567012
9567008
9367643
9602624
9593380
9593377
9592738
9591960
9541828
9561831
9558840
9544642
9531796
9527590
9527325
9524033
9520110
9514487
9499775
9478000
9488273
9487758
10175701
9445487
9456998
9445217
9439359
9438579
9429134
9426957
9348273
9408105
9373114
9373110
9372722
9372719
9369063
9366674
9324766
9323950
9344343
9338691
9331276
9307639
9298074
9295268
9299173
9376693
9376691
9286268
9284626
9268995
9262554
9243605
10451954
9293517
9256620
9237865
9224468
9535636
9274413
9191591
9190137
9168592
9324536
9267604
9245894
9243314
9160020
9152129
9152128
9152126
9182164
9235388
9215057
9143888
9124249
9159801
9142447
9085110
9071230
9063249
9063248
9063246
9186123
9176055
9147954
9088400
9076701
9059252
9052634
9052633
9040481
9040480
9015257
9745817
9474321
9428020
9428014
9428010
9425418
9373468
9373467
9355185
9323725
9296039
9296038
9206725
9196938
9196935
9143046
9098097
9097319
9051838
9022098
9008628
8895823
9091715
9081532
9068863
9055535
9022310
9017039
9003341
9003338
8977488
8941243
9479539
9044980
9005059
8977021
8950585
8942878
8909202
8909200
9005048
8937103
8917800
8911945
8794712
8794711
8794702
8706019
8983973
8871158
8871149
8776488
8764797
8694736
20948075
8965479
8759440
8654214
8753995
8641827
8641826
8639088
8639079
8766040
8766032
8766030
8740249
8964534
8730604
8670743
8603870
8602790
10163323
8779089
8720722
8690039
8600416
8720677
8689482
8689475
8623889
9550351
9112188
9112182
9002129
8981720
8963079
8963072
8927812
8927808
8927806
8865402
8859490
8841063
8750847
8746253
8738457
8724960
8664230
8628562
8550336
9098290
8570736
8540549
7495246
7487619
8585929
7591643
7487600
8751127
8750989
8574012
7558729
7488585
9097777
8543204
7661200
7473118
9097734
8534443
8529405
7639303
7637327
7635660
7547782
8845682
8745517
8545803
7662629
7662619
7605287
7492932
7786213
7777302
7777298
7775106
7775104
7545767
7545629
7493155
7777277
7770505
7748132
7645267
7612549
7540359
7724181
7700885
7549446
7549444
7536910
7890502
7887659
7656717
7648037
7604360
7534060
7862413
7862410
7862408
7739195
7696233
7532394
7532292
7532291
7530408
8983541
8821332
8821318
8747441
8747440
8745683
8719681
8594633
8594632
8537189
7853088
7822152
7746652
7542796
7538690
7536168
7496578
7997333
7849424
7849423
7534250
7534249
7977569
7980135
7843590
7526432
7976831
7524004
7521987
8090455
7805532
7749671
7530107
8058283
8056514
7982791
7528587
7523257
7520148
7519842
7519841
8035984
7523029
7519180
7518575
8206707
8086745
8082839
8060924
7933897
7920634
7516516
7516148
8190479
7514581
8189284
8022151
8022149
8020974
8188061
7510380
8160376
8123631
8123620
8291588
8302543
8300343
8198367
8036323
8016466
8016461
8016458
8016457
7899714
7835193
7822696
7533960
7525362
7518607
7518606
7518604
8308188
8259272
8015787
7509185
7508464
8285155
8258397
8258396
8240110
8240104
8233392
8233380
8407228
8282031
8218037
7692366
7689300
8264213
8218050
8352297
8405190
8405183
8401530
8224947
8510899
8505216
8399461
8340485
8338316
8338315
8491553
8489438
8251014
8490295
8484659
8470986
8317375
7691775
8487172
8485574
8447728
7681555
7679944
8452123
8433826
8430011
8424710
8337507
8337503
8337494
8169313
7681606
7509504
7506402
1490242
1463423
1454343
1454342
1415458
1420041
1384462
1304217
1287992
1524116
1424729
1407971
1384691
1414295
1450656
1450655
1302019
1280499
1598966
1598956
1376019
1636386
1375827
1630784
1607221
1375826
1558119
1562260
1390499
1317028
1302458
1543219
1544776
1543459
1371916
1635010
1740365
1740363
1581695
1581691
1553215
1549287
1739696
1739695
1640065
1597287
1502795
1483131
1477635
1477623
1475092
1475085
1463915
1439250
1439239
1435311
1430800
1410833
1410831
1384094
1366081
1355751
1297659
1294615
1289621
1283022
1957899
1723246
1951588
1755735
1928241
1929931
1821017
1929958
1753669
1882912
20700187
1923319
1895725
1866151
1813542
2062514
1886361
2052303
1877409
2000899
2003806
2003799
1843132
2038468
1993577
1993576
1704212
10149289
2011824
1925091
1916318
1889766
1880342
1818236
1817716
1817714
1813958
1779117
1757035
1720565
1716707
2256838
2087293
2244839
2086746
2227956
1967073
1699513
2211037
2203469
2170292
2402416
2243476
2368828
2402402
2393224
2380473
2369354
2271459
2263391
2203295
2392919
2392899
2376946
2374685
2225255
2117518
1692183
2390244
2342812
2334332
2202334
2309857
2209384
2190134
2357749
2336929
1691475
1688685
2402552
2402550
2373027
2365442
2343189
2323472
2272567
2258551
2258548
2236947
2226993
2214365
2199244
2193850
2191381
2188313
2133538
2103528
2103527
2103524
2089541
2083911
2081852
2081849
1701235
1693009
1688833
2596548
2695876
2684379
2637121
2622621
2482957
2817059
2554733
2818289
2807791
2620479
2482684
2803090
2587050
2774034
2804034
2595899
2803773
2801047
2769722
2759789
2759786
2786410
2786408
2740082
2740080
2740079
2605742
2543650
2793316
2708053
2656571
2471948
20548621
2789127
2710529
2469050
2468453
2712474
2704537
2497265
2912114
2919053
2910268
2796012
2748101
2748100
2733254
2733064
2697919
2692024
2640291
2640218
2640217
2639898
2639897
2638371
2638355
2629042
2626823
2621309
2608682
2608662
2591595
2529559
2508122
2483142
2474478
3230483
3228547
3189468
2466432
3229124
3204435
3421289
3415551
3236734
3181326
2461137
3400757
3415959
3401135
3195328
3184748
3184744
3174038
3042954
2455495
3402246
3372161
3163477
3260945
3179042
3174018
2457955
2451907
3224406
2449819
3341980
3277606
3182174
3420311
3405585
3402623
3385122
3342978
3342973
3337683
3256493
3205166
2476333
2459184
2458620
2458619
2453987
2449643
3441112
2963026
2445326
3677781
3684229
2446233
3625351
3610548
3427761
2445365
3606454
3596992
3608567
3428076
2441641
3571692
3428072
3581881
3557876
3828281
3678010
3450619
3299827
3813955
3577698
3678849
3660662
3660631
3653437
3554735
3447341
3447340
3447331
3438051
3423437
3308530
3123754
2824295
2443394
3808617
3806275
2433658
3777083
3808606
3808599
3782713
3778279
3489996
3763160
2429015
3763143
3721785
3718916
3751784
3751517
3721720
2425324
3964624
2428082
3953729
3958871
3949464
3713089
3703493
3703489
3946532
3951821
2421525
2419817
2417981
3753633
3958699
3951808
3942547
3792844
3790822
3790821
3784140
3749625
3749624
3725312
3710186
3658628
3590473
3477896
3294987
3006423
2432638
2423417
2417486
4073178
4088624
4061551
4061550
4080322
4062626
2414083
4038135
4042820
4042819
3899558
3924457
2409799
4068570
4037602
4022564
2581774
4039560
3997415
2409505
2409504
2409501
3985082
3985081
4004000
2410381
4007878
3978071
2580440
3970124
4085108
4040383
3985100
4079127
4046224
4039398
4008873
3979851
3901167
3832576
3832523
2427011
2422244
2408968
6507543
6521994
6084226
6084224
6084221
6442685
6206888
6502405
6383304
6206835
6472816
6724837
6724836
6205340
6432505
6726492
6463851
6463848
6463845
6379946
6204261
6704358
6539403
6607743
6538771
6464882
6703591
6698741
6371368
6198916
6200280
6748364
6739044
6729262
6608272
6546825
6541668
6526105
6526104
6520616
6520331
6493690
6472809
6328846
6206123
6206121
6085616
6084026
6661996
6664669
6639425
6637420
6634071
6624865
6192710
6869476
6683497
6193077
6875974
6846455
6651152
6603961
6627587
6829683
6839931
6682371
6858635
6824466
6886302
6866436
6866405
6863828
6855008
6830097
6830093
6686600
6680043
6680042
6677657
6676979
6673534
6642216
6623570
6589859
6295171
6195704
6190031
6188776
7180914
7162785
6984500
7126522
6891449
6182866
7133637
7092655
7092654
7092649
7092644
7091279
7172382
7172377
7097384
7103872
6177306
7099522
6963056
7072789
6178346
7039329
6182731
7067609
7201436
7184706
7171762
7055205
6964651
6101126
7315926
7325502
7304688
7316338
7315227
7031344
7294103
7282884
7267039
7264141
7248243
7224938
7231873
7225310
7013491
7468733
7230692
6162387
7448155
7348836
7312288
7287339
7231863
7230673
7026484
6910356
6758089
6182935
6169678
6169677
6169676
7446664
7217618
6165950
7005800
7426546
7005298
6946632
6171074
7211255
6250985
6158939
7442046
7377266
6160841
7387954
7358475
6770691
7362814
6153264
20487726
7400531
7385594
7381182
7207973
6967673
6161552
94007
399491
556129
397971
574395
92198
92197
551347
495368
465427
464009
454265
108229
469575
297384
453741
384806
552232
545198
434056
434051
93622
311172
755582
736397
717531
750717
733187
687556
687555
687554
687553
687552
677233
655923
646986
285500
739337
655211
623189
745823
735765
723859
619793
571301
569538
343689
931284
930991
930990
921578
910857
926641
900227
900225
281778
900215
337808
577367
577366
577364
577361
577359
194482
868967
404267
868949
843272
830915
558464
401467
876084
863597
863593
613523
306694
68021
998690
1086060
790970
949077
822741
949627
822562
937428
136949
1052152
960372
952809
952802
1267640
1266919
966559
132917
1246802
1065996
1029628
969235
813350
785328
812546
1186018
1180301
130889
130878
1119522
1119516
775695
1122099
1205676
1242962
1242960
1111482
1079418
47849
4449866
4828166
4815100
4634786
5024602
5156776
5313219
5303555
5303145
16992245
14796752
14839865
14822354
