19206210
19396403
19487926
19516005
19578017
19593200
19608339
19627986
19628740
19661234
19666924
19680677
19684008
19700198
19729006
19759170
19759330
19763599
19767103
19787606
19797209
19801342
19806217
19812176
19822855
19846785
19901214
19923367
19954479
19955196
19958129
19958290
19966402
20006931
20008727
20008728
20017735
20021251
20041735
20053976
20056462
20078105
20100101
20107178
20138159
20141096
20149621
20153624
20153746
20153900
20163870
20179629
20216203
20230819
20238045
20238071
20339855
20357718
20361014
20368460
20373896
20373901
20374575
20385935
20388557
20428114
20428236
20435108
20446444
20456443
20458351
20472398
20491688
20492570
20497365
20516725
20523977
20547950
20547952
20552437
20554622
20554624
20565308
20565311
20574018
20589347
20590010
20592234
20598021
20602323
20630597
20644213
20647559
20651462
20664616
20664701
20668921
20671587
20684081
20688744
20688753
20692255
20716509
20716705
20719862
20734005
20734986
20740289
20800129
20805087
20806083
20827137
20846136
20847757
20860013
20878175
20879805
20884370
20948238
20952637
20977690
21044678
21047851
21051700
21060040
21067486
21071730
21087962
21091228
21096261
21112485
21125205
21139324
21139980
21149749
21150028
21151596
21168825
21169874
21170918
21182214
21198162
21220628
21232531
21241689
21242702
21245957
21264233
21265246
21282966
21296816
21302701
21302703
21321673
21349651
21354712
21396937
21402976
21422710
21430115
21437563
21447678
21482873
21488133
21501963
21508112
21513995
21514959
21520054
21524648
21550418
21576489
21604047
21610564
21620475
21623492
21633716
21641040
21663493
21670343
21672183
21677121
21684602
21700425
21705085
21705687
21743006
21780920
21808139
21811051
21816153
21818133
21850158
21850179
21873668
21896850
21921984
22027699
22067370
22220460