16868779
16932990
16979215
17001325
17001327
17057948
17059483
17070694
17114883
17119995
17157802
17173895
17197552
17202650
17221874
17222649
17225922
17227056
17238009
17251017
17251448
17251452
17257643
17258528
17264950
17265171
17268417
17276738
17280640
17299457
17306793
17313704
17313944
17320962
17324285
17325179
17328128
17337126
17344498
17353403
17389471
17392148
17401321
17405658
17420369
17433294
17459316
17460180
17466844
17466963
17470234
17473737
17477921
17477921
17478338
17502506
17502507
17531222
17536124
17554167
17558024
17564971
17578916
17584283
17612971
17612972
17650530
17652713
17652741
17652743
17656467
17657864
17664009
17670936
17671926
17674017
17685561
17698756
17701910
17716735
17724493
17825288
17846363
17868874
17877237
17893658
17900696
17977529
17994438
17997484
18036592
18039367
18055805
18055817
18067963
18086432
18095658
18166409
18173705
18181304
18185146
18195226
18221835
18225337
18246223
18271780
18294060
18299073
18299074
18299878
18320254
18320515
18326047
18326611
18326752
18332316
18334937
18341430
18342406
18344178
18353148
18355790
18369683
18382494
18385062
18385095
18400216
18421094
18423869
18433827
18436525
18439997
18450596
18451496
18454376
18469279
18472398
18486400
18494741
18509668
18515589
18536595
18541575
18541583
18547277
18551090
18552610
18554424
18556426
18566466
18574012
18579132
18600492
18607617
18613620
18622259
18622259
18635576
18654833
18662912
18663288
18685894
18689376
18692043
18692065
18696342
18703551
18718173
18756880
18772708
18778703
18779490
18806290
18806765
18806766
18810996
18848316
18850540
18852418
18929120
18946923
18948096
18972073
18976033
18976665
18976840
18976928
18982249
18986598
18987486
18997640
19022413
19023334
19027484
19029031
19056738
19060288
19074778
19075400
19075485
19088495
19089530
19091420
19093039
19097392
19118548
19123156
19124845
19128888
19135795
19136057
19149498
19149498
19151395
19152481
19155603
19167998
19172468
19179929
19182262
19198870
19202148
19217556
19219683
19234579
19237716
19246952
19254715
19255681
19277237
19277247
19290537
19299777
19319595
19329388
19337004
19353398
19358323
19358843
19365028
19391613
19410952
19429582
19433717
19433719
19435712
19437483
19482004
19503764
19508997
19514694
19524565
19537793
19551670
19568204
19572226
19578788
19594568
19623583
19636163
19684645
19710945
19743542
19752426
19753309
19756317
20938484