22266381
22264970
22264207
22261010
22252571
22248564
22248074
22228880
22247323
22245450
22240170
22237833
22233760
22221590
22221508
22211779
22211149
22197268
22188494
22187759
22184494
22183104
22180487
22180288
22166055
22162414
22161237
22158016
22156177
22156146
22152186
22147277
22145678
22073936
22139723
22138003
22137377
22126491
22120798
22093530
22087311
22086091
22083552
22080707
22076388
22075204
22074063
22073189
22071383
22068248
22066306
22051211
22041470
22029839
22028704
22011207
22010769
22008395
22004492
21995190
21986647
21986644
21984228
21981821
21981406
21977217
21971701
21970482
21952192
21955126
21948225
21948205
21947303
21945108
21940332
21927034
21920893
21912173
21907896
21905759
21902532
21890706
21890299
21875543
21872817
21872091
21870345
21870192
21862978
21850574
21849039
21845600
21845599
21834788
21824958
21824957
21824956
21810544
21806798
21804828
21801452
21793122
21788921
21781318
21777981
21777943
21771324
21769685
21767164
21766757
21764631
21764171
21764080
21762236
21753894
21752974
21744498
21742609
21738575
21729185
21728814
21721708
21717286
21716557
21714917
21712730
21708036
21707828
21699510
21684395
21692675
21684308
21682927
21677065
21672003
21669461
21658350
21653903
21653533
21651719
21642709
21636167
21633608
21626106
21619592
21613965
21601725
21592674
21575118
21570726
21560189
21557882
21548104
21543675
21543462
21542547
21542544
21535990
21532099
21531226
21524363
21522062
21520004
21511738
21508121
21499997
21494779
21493208
21466548
21489888
21487548
21483431
21466745
21465451
21462796
21462162
21460747
21460019
21449712
21444935
21443672
21442338
21441491
21440402
21436638
21418780
21412894
21411552
21410747
21401454
21397583
21396251
21394590
21391573
21388049
21384700
21373852
21362007
21360028
21358854
21357912
21342068
21342025
21338942
21338395
21336066
21334984
21316880
21307745
21303835
21303528
21300535
21297275
21294700
21293293
21292888
21289246
21288289
21281234
21245678
21275496
21270283
21258599
21257875
21255160
21249220
21243273
21239370
21229319
21226570
21223306
21183093
21217482
21213205
21209901
21209479
21208582
21203806
21198277
21194307
21194097
21190275
21187830
21187785
21186994
21178595
21176180
21174557
21170549
21169250
21163205
21159642
21152453
21150586
21133188
21131880
21131759
21131671
21122693
21122625
21118850
21113824
21092393
21088937
21088255
21081945
21070150
21067719
21051648
21035229
20981005
20978486
20976137
20965437
20957394
20956395
20956211
20955374
20943835
20943258
20881158
20881157
20881154
20881153
20939106
20937188
20937054
20936544
20932288
20930305
20929471
20928990
20922509
20890316
20885324
20885184
20877280
20868526
20860643
20858819
20856647
20829620
20847434
20846585
20845401
20843874
20843130
20842559
20842554
20841573
20833703
20828735
20825128
20822854
20811564
20809381
20804880
22145553
20802273
20800903
20797554
20796301
20738941
20737813
20736101
20734519
20733935
20722170
20722167
20722160
20722156
20722116
20722114
20716821
20709591
20707668
20698036
20696621
20692619
20692025
20683445
20682003
20680029
20678303
20678119
20673897
20670316
20667600
20661011
20655062
20653703
20652588
20651195
20647125
20639562
20639184
20635366
20634249
20624312
20586866
20606441
20601142
20592174
20578778
20557416
20554391
20544290
20525905
20521713
20518061
20511377
20495449
20493461
20489646
20488874
20485227
20470035
20466562
20466091
20463245
20462942
20461967
20453399
20450855
20447226
20431431
20427490
20427156
20419561
20418673
20414821
20414115
20410386
20398358
20393104
20392754
20386054
20384959
20372151
20369128
20368745
20367500
20356857
20350138
20347647
20334654
20236101
20230434
20229075
20214917
20212301
20210999
20200768
20197766
20196799
20196725
20193885
20191940
20181051
20180645
20171532
20161444
20160168
20159505
20157961
20157739
20150988
20132369
20127932
20114130
20112889
20108382
20104122
20103578
20084464
20082511
20079959
20076897
20065802
20065544
20065013
20065011
20060646
20051118
20046933
20044646
21874132
21833933
21833926
20034201
20034098
20016818
20016215
20012560
20006958
20003824
20003695
19960243
19957147
19952148
19945603
19939610
19939590
19921458
19912597
19911251
19899827
19897696
19891815
19887215
19886088
19839504
19835342
19833588
19820287
19808031
19805728
19791835
19784754
19782835
19760147
19723927
19747695
19747364
19744295
19727150
19726782
19705490
19699373
19692710
19682125
19675116
19663541
19660165
19660123
19658441
19658317
19658203
19643385
19635177
19632572
19625332
19624812
19615301
19614632
19582981
19581646
19574772
19572486
19568039
19567507
21180545
19560166
19556043
19548633
19546018
19536966
19535063
19534305
19513795
19513311
19508416
19506085
19502104
19501722
19499551
19489757
19482891
21528109
19470184
19463436
19461821
19458561
19452291
19446264
19434727
19433841
19430404
19422980
19419234
19412152
19398295
19393103
19386062
19383892
19379083
19358948
19357034
19349456
19345782
19339094
19336432
19336361
19336349
19332230
19326299
19324258
19322094
19320188
19300530
19300264
19299896
19293005
19292846
19289371
19285825
19285154
19282797
19281900
19281543
19277724
19276909
19276269
19267966
19261139
19255308
19253495
20729940
19247188
19243454
19242352
19226524
19223848
19219920
19218539
19217148
19211995
19208218
19204415
19204208
19200425
19199851
19196096
19194389
19187801
19177168
19162331
19160271
19151849
19146750
19137073
19128896
19126254
19125126
19119555
21499658
21179925
19114768
19102800
19098604
19094828
19092560
19086954
19085409
19082695
19079392
19077806
19074757
19072485
19046450
19042591
19033691
19032128
19029865
19027177
19022409
19021600
19021302
19017454
19008263
19005928
19003744
19001983
18991697
18957099
18948559
18929018
18926051
18855267
18847555
18847166
18842141
18833409
18824907
18824640
20165599
18814857
18814199
18812583
18809815
18805830
18801465
18795662
18786108
18783389
18783349
18782392
18781934
18781123
18778920
18775603
18725824
18772266
18766087
18763695
18714185
18709693
18708830
18702935
18695710
18687511
18685403
18680124
18652521
18644517
18637991
18637139
18636005
18631409
18454574
18625623
18623215
18622167
18618192
18615308
18608611
18604049
18584097
18581665
18573822
18571141
18569149
18566655
18561000
18556767
18547435
18546326
18539963
18539430
18536498
18535302
18523709
18513468
18506546
18503965
18501958
18498519
18490558
18486968
18471031
18470278
18469546
18457475
18448753
18443324
18440270
18435767
18428606
18368301
18416909
18410256
18408991
18408457
18405173
18393388
18387029
18376385
18373401
18349629
18348878
18347860
18346583
18340200
18333101
18329897
18325519
18316659
18313370
18312102
18299442
18292381
18291032
18289140
18285592
18284521
18277021
18270850
18270600
18260751
18258979
18180229
18240032
18234402
18228599
18221407
18218174
18214632
18192963
18202327
18201842
18068561
18198430
18196687
18192575
18182528
18181322
18178776
18172771
19920957
18157581
18097110
18096917
18096069
18094136
18088564
18086251
18083627
18079230
18078902
18074912
18066940
18055160
17927674
18048484
18045288
18043789
18042945
18042932
18036219
18034306
18032262
18024613
18004053
17989336
17982322
17976611
17968493
17963520
17957727
17944707
17939589
17938304
17932360
17914698
17908357
17905770
19595951
17901925
17897191
17889975
17885168
17884591
17884237
17879684
17873241
17852321
17850855
17849740
17827467
17825754
17823544
17767898
19331016
17726358
17725080
17721430
17717617
17713468
17702360
17701439
17700230
17700197
17685215
17673249
17670622
17668289
17667511
17662389
17659875
17657204
17655612
17653808
17641258
17641142
17641072
17629744
17620534
17615420
17613567
17610661
17608749
19341667
17594491
17590554
17579145
17577559
17571524
17565292
17561292
17557451
17553621
17550315
17543127
17539793
17537380
19668499
17534167
17510747
17499391
17495589
17489675
17485267
17484195
17466586
17462170
17460505
17458318
17455547
17454203
17446200
17437781
17437740
17436842
17436835
17436083
17435644
17429593
17426987
17416835
17412241
17404844
17398221
17391509
17388736
17382214
17367876
17359452
17357335
17350703
17343430
17339617
17333118
17327910
17327525
17325426
17321946
17320653
17318390
17309939
17305219
17296661
17294611
17293746
17276209
17256031
17256026
17251607
17236490
17225482
17223625
17214621
17213420
17207147
17204954
17204953
17199236
19662209
17187583
17186684
17183437
17174604
17173180
17171687
17166803
17156452
17145075
17142533
17141708
17119188
17116609
17108566
17101401
17092277
17088193
17076975
17076885
17073564
17070627
17063218
17059983
17053457
17051087
17042421
17039537
17039220
17034599
17031148
17023160
17019171
17015586
20703341
16978918
16978917
16968610
16958832
16954976
16948838
16937029
16936328
16935476
16926971
16926946
16926646
16912851
16910384
16909063
16901379
16900269
16891879
16888439
16883925
16873922
16850076
16839325
16836693
16828407
16817295
16809405
16802842
16798041
16789674
16778391
16758120
16757702
16754281
16753245
16749604
16741996
16741842
16729917
16729231
16722612
16721651
16707072
16701154
16699466
16686288
16682939
16681989
16678564
16678396
16678286
16675307
16670248
16642657
16639994
16637950
16617610
16610249
16595079
16583579
16573512
20703398
16571715
16566984
16564821
16563482
16556497
16549706
16545207
16537750
16533955
16529822
16522774
16512926
16511793
16509936
16504811
16499723
16497556
16496507
16487456
16487454
16482730
16480566
16480502
16477224
16474943
16474092
16472399
16467711
16458498
16449583
16446263
16439735
16432986
16422776
16418351
16405361
16403932
16394505
16392084
16385513
16369398
16362828
16360314
16350455
16335856
16332187
16325896
16325854
16315149
16314197
16298106
16285097
16279320
16278123
16272070
16266421
16263813
16260914
16236874
16228148
16225994
16214648
16208108
16208001
16197464
16195268
16194635
16189811
16189057
16182459
16176886
16175157
16170439
16168979
16167223
16159049
16158010
16140064
16134011
16131575
16126566
16122146
16120847
16108239
16108003
16098895
16097138
16096762
16095545
16086610
16086127
16079428
16061907
16048576
16032202
16025548
16004524
16000439
15998611
15990489
15984989
15984711
15977289
15961696
15961694
15959759
15958253
15953834
15943861
15918143
15889304
15885668
15878052
15877537
15865855
15862085
15856486
15847623
15846154
15844697
15837022
15836503
15815193
15808952
15805051
15800331
15800299
20704909
15798490
15795340
15791890
15784080
15783239
15780039
15778023
15772099
15770704
15767267
15763576
15762407
15744211
15741756
15741363
15740509
15735476
15735418
15734951
15733020
15730597
15726126
15718865
15693726
15691297
15681560
15668494
15667716
15667570
15664088
15659258
15644855
15636329
15631641
15612604
15610443
15603914
15577720
15576529
19667695
15563256
15546487
15546230
15540305
15534891
15533242
15525861
15513532
15500302
15484159
15483077
15480885
15475420
15467371
15467033
15462717
15457668
15451130
15451091
15370050
15367850
15360064
15353456
15352145
15339287
15338495
15324998
15323238
15322319
15319091
15316909
15310521
15307976
15304025
15295122
15292016
15289998
15287275
15280185
15279918
15276591
15265970
15264983
15262608
15259526
15247747
15243943
15234813
15232242
15229962
15228642
15226053
15226040
15225165
15218981
15211012
15204666
15195768
15195018
15192060
15191683
15187057
15185774
15175211
15168957
15166938
15156548
15148096
15148072
15141275
15137558
15134470
15128008
15123161
15104645
15095428
15080845
15071365
15070844
15066356
15062713
15057952
15049571
15046976
15040869
15040792
15031285
15025014
15014694
15014693
14999943
14991453
14987580
14987575
14986731
14978981
14978658
14972637
14966175
14961835
14766108
14759077
14731999
14717855
14710797
14705310
14703224
14686017
14667553
14664663
14656898
14651395
14643563
14649357
14632851
14627591
14618551
14617444
14608237
14607711
14605614
14597493
14590561
14582499
14581157
14574065
14571700
14533128
14520288
14516527
14508153
14505494
14502113
14499792
12972818
12965983
12965940
12959723
12959722
12954681
12952736
12946460
12944756
12934976
12933607
12925524
12914514
12899498
12883287
12878740
12876246
12866774
12861124
12858603
12848648
12847869
12836719
12835804
12834318
12828565
12820817
12810892
12810156
12809332
12807643
12807565
12802830
12798709
12796761
12790253
12787710
12786619
12782433
12777601
12772870
12769251
12766916
12760480
12757563
12756685
12740275
12735419
12721394
12710125
12708643
12708642
12667240
12659982
12659386
12648684
12644026
12643553
12642843
12640943
12632348
12627783
12622396
12621332
12617275
12616215
12606098
12601698
12585742
12580896
12572958
12566950
12558362
12556603
12535419
12534664
12526072
12507028
12502137
12490812
12490337
12489289
12480441
12458993
12446465
12444897
12439396
12432824
12430883
12425553
12425181
12421142
12421138
12418523
12418422
12417367
12416313
12408528
12407475
12404652
12393358
12381546
12381539
12374492
12370761
12370551
12364413
12361816
12226030
12220611
12216909
12210446
12204317
12188382
12182922
12180885
12171229
12170396
12164770
12150389
12146572
12132759
12123408
12119426
12116690
12110151
12107021
12096223
12089276
12088291
12084310
12082922
12072654
12072112
12060041
12058777
12057078
12053112
12049680
12045424
12038556
12032424
12030155
12010314
12001598
11997553
11996876
11994883
11994366
11983643
11983035
11974617
11959058
11950627
11943052
11936237
11934143
11933571
11932846
11924332
11918385
11916468
11915972
11910053
11906637
11905682
11903761
11899769
11889533
11888031
11873891
11866256
11865742
11860409
11851611
11850305
11837348
11825299
11818428
11814543
11802302
11796871
11785727
11782689
11782669
11773093
11740373
11739905
11709970
11706531
11705137
11693315
11687758
11672950
11586153
11585021
11583457
11583141
11575412
11570936
11566457
11563943
11562928
11559457
11549968
11535944
11531050
11529394
11528304
11525298
11522462
11509306
11509158
11505859
11504216
11479050
11478748
11470394
11469810
11469601
11468699
11467013
11457683
11453609
11442993
11437191
11436930
11434868
11426114
11425094
11421568
11386931
11400021
11403118
11387583
11383956
11380990
11361931
11358112
11358000
11357249
11346325
11340616
11333429
11327349
11326720
20086573
11318928
11316621
11285657
21765724
11280547
11273868
11263800
11260278
11259214
11257640
11244154
11239106
11233954
11213874
11184339
11180481
11180464
11174888
11165455
11164354
10754945
11155181
11152864
11151807
11147988
11147482
11132872
11129488
11129469
11129468
11125943
11123562
11121146
11096014
11096567
11079954
11071696
11066622
11063040
11058690
11055513
11042916
11031402
11029677
11028136
11010345
11003813
10998816
10997560
10980910
10974621
10961580
10961469
10957926
10955935
10955181
10949776
10946893
10926888
10926107
10925349
10899443
10893123
10890618
10875784
10868163
10863596
10840506
10830411
10830410
10827338
10810767
10805876
10802338
10798509
10796760
10795955
10793297
10782593
10776197
10773766
10768672
10767731
10761493
10759753
10759751
10746519
10741102
10732272
10726808
10724081
10723853
10721761
10717718
10716505
10699621
10699100
10697607
10689219
10682674
10673967
10672835
10672763
10663431
10654964
10653453
10653058
10638584
10636608
10636603
11118153
11108774
11104452
10626315
10623973
10607974
10604388
10604380
10588492
10584605
10572350
10569401
10568715
10543382
10531167
10524488
10519696
10516534
10508121
10475974
10473082
10471675
10470573
10452427
10435062
10431948
20654553
10415424
10404935
10402712
10399170
10394992
10392393
10389200
10377546
10376053
10360335
10359891
10348063
10339200
10331094
10328596
10319885
10235207
10229250
10228890
10220644
10219924
10217628
10208211
10201748
10194160
10101337
22151109
10097370
10095803
10090535
10086818
10082224
10071593
10067731
10052441
10050993
9951952
9928467
9924851
9916845
9914561
9887943
9886607
9878948
9878933
9862291
9855670
9852260
9850394
9845415
9820739
9814366
9809334
9799132
9794982
9794314
9791383
9779854
9778201
9777915
9757966
9754761
9754497
9742909
9727821
9727805
9727109
9722798
9721584
9718643
9717779
9707063
9695701
10185137
9678278
9676562
9656968
9565171
9650966
9647421
9635907
9623749
9622261
9622050
9613636
9604984
9542928
9576576
9571391
9566389
9566305
9556938
9554345
9544685
9538674
9533365
9532557
9531199
9530897
9526856
9522228
10178666
9487324
9487093
9456202
10178714
9438645
9416586
9408201
21494442
9409538
9408430
9374953
9406098
9401273
9398799
9393257
9363972
9355172
9343547
9341353
9339423
10177056
9314867
9301744
9298859
9295824
9290227
9272651
9291377
9270438
9260756
9230782
9372378
9224481
9202539
9475027
9325899
9246802
9239613
9225521
9191627
9189187
9179517
9217639
9177105
9172235
9165553
9165320
9154896
9304563
9217633
9179826
9178050
9161587
9134611
9130305
9105755
9072927
9111120
9095117
9074861
9063282
9190027
9142659
9057786
9020517
9133496
9131880
9021863
8998201
8994158
8985077
9021392
8942846
9005307
9217511
8972407
8944609
8941899
8922215
8918481
8910960
8861989
10164729
9117076
8997594
8909744
8903128
8873504
8843930
8841339
12291688
8893415
8886786
8784122
8780470
8760727
8800074
8759943
8710067
8701918
8676419
8668614
8639009
8868800
8796389
8792988
8735757
8733774
8653919
8615565
8774206
8609335
8833683
8829703
8681013
8600064
8676844
8676843
8676838
10602551
9238365
8934123
8861043
8796758
8789599
8724636
8567615
8770716
7492255
7489980
7484556
8561103
7485624
7485622
7575063
7563181
8645835
7487391
7476318
7654105
8571306
8525457
7677112
7499034
7545147
7677139
7641390
7617180
7586779
7781406
7763151
7741367
7761915
7733842
7628652
7613800
7644859
7785715
7760971
7721585
7606027
7877392
7872338
7853629
7497032
10136934
7864624
16318516
15251608
8591578
7853038
7605095
7598445
7577211
7482226
7858369
7849821
9231939
7995801
7966469
7826780
7797312
8074595
7976477
7805650
7805346
7805343
7528754
8062175
7991745
7973851
7957837
7929863
8091068
8076985
8025743
8016224
7931737
8074841
21244887
18615510
12318858
8199676
8191559
8180634
7913460
8147675
8116993
8047811
8008076
7949594
8131278
8130859
8035433
7951647
8136668
8205798
15566752
10603519
8279592
8274109
8142087
8042607
8008991
7867018
8273848
8215740
8244870
8410117
8377991
8258381
8241830
8218675
8156238
8260013
8407730
8373308
8315184
8353005
8333601
7687260
8478960
8502843
8486880
8503262
8483397
8481763
8456752
8389689
8365503
8224347
8481987
8476877
8464947
8420446
7679043
8418344
8437968
8436362
8421930
8418703
8378517
8357490
8303217
8270355
8261189
8242051
8186674
7870904
1447439
1443833
1404823
1485529
1470767
1445980
1442859
10171303
1474411
1447574
1399654
1524082
1514469
1508735
1433120
1642387
1516288
1509307
1384823
1642108
1591964
1520944
1509876
1595763
1625615
1602033
1578205
1564563
1603702
1591789
1558047
1546597
1736775
1592251
1577216
1573345
1739358
1565749
1540761
1728777
1727391
1627984
1463862
1448668
1389084
1373030
1347171
1813465
1684291
1792555
1765934
1743529
1951107
1823859
1775678
1775677
1925850
1918775
1771210
1959769
1946791
1891394
1943795
1938095
1777275
1681136
1935010
1925188
1912446
1889440
1853918
1679773
1876615
1855378
2026031
2022802
2022019
2021295
2054454
10110575
2063478
2054435
1933225
1995273
2063638
2010610
1990878
2064932
1994728
1938029
1854815
1821236
1820123
1805805
1715140
1982178
2285235
2284389
2251734
2121054
2264597
2103568
2393714
2243878
2205185
2120111
2381192
2247315
2197147
2354936
2188544
2167349
2334748
2331210
2327421
2321821
2185549
2203963
2357889
2324308
2306060
2325525
2317335
2315750
2296996
2231252
2213074
2139002
2103869
10171094
2632306
2683766
2612798
2535679
21927404
2682910
2477223
2794747
2774903
2774850
2760379
2682573
2573502
2775645
2688337
2602251
2502694
2660771
2568195
2545424
2523979
2665483
2569749
2503840
2655659
2567296
2496692
2499390
2927997
2760756
2726202
2720344
2718499
2708013
2650964
2655142
2930800
2788750
2741964
2698524
2644490
2642498
2582789
2576943
2493423
2488280
3065318
3058858
3056158
3239613
3236884
2906543
3421349
3420286
2901937
3400569
3397791
3219103
3042842
3390915
3385113
3264961
2842103
3377621
3136095
2972073
3361088
3129632
3041808
2967551
3285672
3258576
3381687
3336596
3285776
3260808
3225861
3175703
3050919
3692036
2969779
3662182
3446703
3436899
3690830
3311464
3689539
3684980
3295419
3588462
3587784
3604794
3597797
3580436
3554531
3449986
3309215
3109184
3553828
3452036
3813238
3805553
3805515
2879090
3687900
3593912
3538968
3797264
3790925
3778172
2431904
3773651
3758397
3757718
3752762
3092971
16031306
3755325
3736468
3736376
3718544
3958132
3710034
3516043
3946879
3724209
3511502
3945278
3513932
3942482
3104944
4073107
4062463
3931615
3903450
4050716
4059723
4033482
4014305
4014016
4008844
3888510
3987114
4020783
3920792
3157698
4048217
4039270
3972953
3966166
10269891
6497571
6487912
6473785
6476035
21279105
6593059
6494016
6148743
6399871
6564084
6539160
6725586
6365298
6746936
6727586
6718798
6708855
6704459
6695965
6393122
6374353
6650770
6642460
6583718
6358406
17422326
6320036
6603502
6857245
6867259
6847983
6844949
6217088
6140299
6138792
6137594
6133304
6962436
6816389
7155647
7046902
6810386
6295012
7063161
21286048
7056865
7038718
6818597
7033996
6798597
7197712
6152816
7326543
6945613
6796696
7030231
7261832
7263467
6792967
7471347
7229070
6905944
6781340
7456190
6164951
7454931
7416912
7377181
6993534
6103960
7367183
7435476
534813
521378
493539
447867
571059
424481
536137
437909
697537
718134
101568
10307634
618950
837575
67586
12900
1250315
990343
943120
801606
1244733
1104412
128143
170590
20469193
165792
4544681
4706953
4706951
5025276
5917892
14314204
18668756
14042982
12981179
18146488
