22162625
22117326
22073870
21882588
21860579
21843040
21823933
21815491
21815489
21814813
21760712
21633242
21596292
21574161
21555969
21426840
21348231
21342626
21336740
21319040
21275601
21236459
21235384
21199717
21197643
21168058
21103197
21102370
21080452
21077797
20954144
20939190
20854015
20840105
20827143
20823930
20737053
20714391
20698830
20658258
20619897
20617330
20558946
20496098
20404990
20401514
20378093
20335806
20301373
20237020
20143571
20142544
20139916
20123612
20118788
20079930
21475657
19963075
19952993
21326997
19907112
19882570
19882524
19882515
19880185
19794951
19789588
19781481
19758402
19744724
19655150
19648778
19606238
19585358
19553790
19543502
19477709
19456254
19410384
19384779
19352085
19320305
19298903
19253244
19165423
19107049
19066906
19066184
19035238
18979920
18927224
18796361
18776864
18767492
18751717
18709962
18685258
18602081
18547534
18465738
18454374
18435819
18411713
18364270
18344965
18327164
18318202
18303673
18240604
19354174
18158597
18040925
17978911
17897534
17763132
17720063
17703406
17657695
17642434
17633401
17603772
17558848
17488320
17466336
17447364
17435692
17410964
17401622
17347327
17325169
17294396
17274334
17228762
17224769
17214394
17152540
17120014
17119425
17025232
17009515
16961057
16927784
16927761
16878120
16832025
16775720
16764321
16763659
16762236
16761249
16705526
16698478
16690128
16639622
16638274
16612634
16564796
16507491
16496259
16468546
16462871
16458965
16411088
16409531
16374041
16358653
16333191
16303933
16240123
16164719
16156145
16123185
16118930
16080900
15983811
15930086
15905935
15804777
15803175
15792310
15745772
15711944
15678762
15650518
15646477
15635832
15510644
15499721
15465551
15453875
15452040
15389273
15369266
15364726
15364241
15309555
15289150
15231400
15214015
15209462
15149610
15139774
15124532
15121367
15097882
15050253
15019390
14988784
14966406
14766080
14750769
14727330
14702730
14691157
14618350
14609826
14598483
14597057
14578407
12954273
12887674
12852086
12842206
12834701
12784729
12714650
12698883
12686301
12678399
12664382
12657582
12652230
12632743
12617705
12580045
12579173
12566023
12561028
12557757
12557756
12543197
12511349
12510722
12501275
12457683
12427232
12383828
12376880
12233079
12185116
12133386
12120043
12106741
12096537
12027098
12021999
12003604
11992370
11942546
11917805
11913895
11877247
11853723
11853722
11840747
11835787
11815885
11771103
11764688
11761565
11687373
11642373
11642371
11579585
11534546
11530091
11527934
11520763
11481270
11449325
11438058
11423000
11421014
11421007
11417325
11416962
11382645
11341903
11326906
11292423
11292421
11261421
11193944
11167284
11162992
11146738
10755103
11133850
11132095
11044557
11033158
11019863
10979297
10964822
10880278
10857824
10752341
10705115
10704541
10692991
10683794
10632006
10632002
10586947
10577542
10572887
10571403
10548461
10522419
10476499
10451977
10442902
10432844
10431798
10413259
10413257
10413255
10408452
10403436
10393064
10380029
10330647
10218200
10090450
10090443
10048015
10048013
10037579
10025145
9951642
9886741
9878672
9865186
9831755
9823347
9823345
9818619
9816667
9797661
9733583
9730171
9727409
9721475
9683153
9683861
9677566
9674004
9663226
9645728
9645151
9619028
9559740
9547772
9547003
9498187
9498121
9494894
9474596
9442778
9429939
9369067
9369066
10174620
9230506
9215058
9157632
9028109
9000410
8997857
8934414
8895204
8862060
8862059
10163465
8733851
8847352
8717080
8703888
8618754
8758318
8608175
8597275
8981699
8927813
8789866
8639477
8963936
7490736
8751007
8750985
8585062
7473118
7559922
7661045
7785690
7726193
7768745
7732932
7843913
8926645
8586494
8570156
7746625
7599630
7596558
7898027
7774455
7945035
8090452
7942343
7955734
7843019
8046844
7933629
7523760
8051848
8152312
8073574
8194279
8123625
8058005
7967201
7933699
7933698
8145489
8233387
8020373
8142744
8226239
8411724
8377474
8221294
8022163
8405188
8341496
8340052
8489446
8100446
8490967
8407118
8460884
8345958
8095302
8455122
8337491
8331252
8063479
1475753
1476080
1330202
1282835
1642288
1502983
1621614
1614161
1525146
1350083
1513069
1502809
1475077
1410835
1410833
1837242
1685700
1938278
1945316
1835966
1654836
2064576
1891220
1891219
1762365
1942602
1910253
1710443
2016132
2060679
2005560
2004726
1987101
1945296
1889765
1790745
1786932
1757033
2082738
2078043
2290293
2249726
2076288
1978774
2222275
2264228
2239553
2198934
2392904
2101361
2342813
2322163
2139050
2105033
2086410
2086392
2082066
2699752
2630811
2516414
2512780
2818990
2589741
2674828
2633900
2592950
2742866
2751980
2485742
2736953
2506713
2470339
2724864
2713919
2777109
2733251
2695564
2587021
2540006
2531359
2487285
2484935
3263047
3205065
3407720
3256498
3447850
3430996
2446232
3658367
2821731
3602360
3601363
3814630
3626173
3299569
3796934
3760128
3748536
3524245
3732008
2424490
3727953
3721711
3703527
3713093
3520128
3947306
3942551
3754829
3704353
3586413
3466470
4062638
3878677
4045644
4042818
4016749
4028503
4018168
4021424
4011139
3998367
3935293
3859886
3994218
3987496
4075481
4048658
4029841
3892813
3003870
6521988
6521980
6519202
6535883
6333446
6208524
6384640
6726555
6732656
6729268
6689931
6500870
6494632
6441096
6389408
6368130
6205428
6639423
6622010
6605648
6860197
6192378
6349235
6866450
6855138
6409547
6402459
6855019
6676982
6675106
6224248
6957785
7104276
7166422
7201245
7099557
7072805
7066264
7065944
7185704
7131924
7304690
6171672
7295630
7283804
7320391
7236102
15633404
6908821
6270477
6252879
7465476
7448033
7448032
7448031
7396778
6966892
7352884
7337634
6995373
6769257
552005
526467
397968
537760
297383
460810
434067
427076
420475
569977
364920
733180
730983
673335
673334
654882
306756
306769
692983
621126
315118
202208
596395
303867
921145
896134
273331
904863
577367
327372
847483
323562
924724
896156
876082
876079
849540
613533
577846
145850
144487
998692
988518
793492
949080
1275040
960361
960358
957568
1258950
769559
1268160
1251875
1066586
769647
1198343
1180748
1155560
1148914
1121151
1078939
1121991
1089605
1124535
1090865
810755
803269
4433275
4422666
4409315
4841870
4472837
4813639
4422253
4125772
4488189
4630480
4800973
4794185
4623873
4657348
5212274
5159616
5094030
5104413
5554094
5315600
5171915
5089749
5423793
5462300
4244005
5392193
4320030
4242759
5815474
5778606
5813202
5272291
5696583
4235632
4982428
5755734
6036297
5594706
16742501
5633869
5586135
6006181
14317835
14134406
5227434
14097776
14029121
13957666
13930140
13787133
13784193
14428557
14404854
13466448
13110001
13039191
13097972
14882541
14835811
14834184
16693544
14922446
15395572
20256334
18858939
20293715
20775115
20745687
20744568